0.4223346710205078
0.4223346710205078
0.4223346710205078
0.4223346710205078
0.4223346710205078
0.4223346710205078
0.4223346710205078
0.4223346710205078
0.4223346710205078
0.4223346710205078
0.4223346710205078
0.4223346710205078
0.4223346710205078
0.4223346710205078
0.4223346710205078
0.4223346710205078
0.4223346710205078
0.4223346710205078
0.4223346710205078
0.4223346710205078
0.4223346710205078
0.16677069664001465
0.4223346710205078
0.16677069664001465
0.4223346710205078
0.16677069664001465
0.4223346710205078
0.16677069664001465
0.4223346710205078
0.16677069664001465
1.4919447898864746