0.5040035247802734
0.35595703125
0.4838523864746094
0.3902440071105957
0.39499354362487793
0.3919708728790283
0.24402809143066406
0.23721718788146973
0.26343417167663574
0.2665736675262451
0.35463690757751465
0.9246730804443359
0.26110219955444336
0.22681188583374023
0.24989819526672363
0.2723815441131592
1.1014270782470703
0.25290513038635254
0.5469589233398438
0.24208450317382812
0.23201322555541992
0.24233007431030273
0.23796844482421875
0.25391292572021484
0.29136109352111816
0.4296283721923828
0.2496337890625
0.20915627479553223
0.26209139823913574
0.24703431129455566
0.398026704788208
0.2714269161224365