0.41156959533691406
0.41156959533691406
0.41156959533691406
0.41156959533691406
0.41156959533691406
0.41156959533691406
0.41156959533691406
0.41156959533691406
0.41156959533691406
0.41156959533691406
0.41156959533691406
0.41156959533691406
0.41156959533691406
0.41156959533691406
0.30778956413269043
0.41156959533691406
0.30778956413269043
2.4215023517608643
0.41156959533691406
0.30778956413269043
2.4215023517608643
0.41156959533691406
0.30778956413269043
2.4215023517608643
0.41156959533691406
0.30778956413269043
2.4215023517608643
0.41156959533691406
0.30778956413269043
2.4215023517608643
0.41156959533691406
0.30778956413269043
2.4215023517608643
0.41156959533691406
0.30778956413269043
2.4215023517608643
0.41156959533691406
0.30778956413269043
2.4215023517608643