0.36133384704589844
0.31406474113464355
0.3122878074645996
0.31574296951293945
0.28710460662841797
0.6919071674346924
0.5564389228820801
0.36183905601501465
0.2800784111022949
0.44400453567504883
0.433089017868042
0.7977426052093506
0.3239779472351074
0.36864447593688965
0.6627516746520996
0.4311103820800781
0.3738415241241455
0.3867762088775635
0.2784857749938965
0.37557268142700195
0.6956868171691895
0.359299898147583
0.5922870635986328
0.28597521781921387
0.6919529438018799
0.46401453018188477
0.6008682250976562
0.36099839210510254
0.6949150562286377
0.3074672222137451
0.35703182220458984