0.39681148529052734
0.39681148529052734
0.39681148529052734
0.39681148529052734
0.39681148529052734
0.39681148529052734
0.39681148529052734
0.32536983489990234
0.39681148529052734
0.32536983489990234
0.39681148529052734
0.32536983489990234
0.39681148529052734
0.32536983489990234
0.39681148529052734
0.32536983489990234
0.381119966506958
0.39681148529052734
0.32536983489990234
0.381119966506958
0.39681148529052734
0.32536983489990234
0.381119966506958
0.39681148529052734
0.32536983489990234
0.381119966506958
0.39681148529052734
0.32536983489990234
0.381119966506958
0.39681148529052734
0.32536983489990234
0.381119966506958
0.3721752166748047
0.39681148529052734
0.32536983489990234
0.381119966506958
0.3721752166748047
0.39681148529052734
0.32536983489990234
0.381119966506958
0.3721752166748047
0.39681148529052734
0.32536983489990234
0.381119966506958
0.3721752166748047
0.39681148529052734
0.32536983489990234
0.381119966506958
0.3721752166748047
0.39681148529052734
0.32536983489990234
0.381119966506958
0.3721752166748047
0.39681148529052734
0.32536983489990234
0.381119966506958
0.3721752166748047
0.39681148529052734
0.32536983489990234
0.381119966506958
0.3721752166748047
0.3971261978149414
0.39681148529052734
0.32536983489990234
0.381119966506958
0.3721752166748047
0.3971261978149414
0.39681148529052734
0.32536983489990234
0.381119966506958
0.3721752166748047
0.3971261978149414
0.39681148529052734
0.32536983489990234
0.381119966506958
0.3721752166748047
0.3971261978149414
0.39681148529052734
0.32536983489990234
0.381119966506958
0.3721752166748047
0.3971261978149414