0.1908881664276123
0.1908881664276123
0.1908881664276123
0.22264432907104492
0.1908881664276123
0.22264432907104492
0.1908881664276123
0.22264432907104492
0.1908881664276123
0.22264432907104492
0.1908881664276123
0.22264432907104492
0.1908881664276123
0.22264432907104492
0.1908881664276123
0.22264432907104492
0.1908881664276123
0.22264432907104492
0.1908881664276123
0.22264432907104492
0.1908881664276123
0.22264432907104492
0.1908881664276123
0.22264432907104492
0.1908881664276123
0.22264432907104492
0.1908881664276123
0.22264432907104492
0.1908881664276123
0.22264432907104492
0.1908881664276123
0.22264432907104492
0.1908881664276123
0.22264432907104492
0.1908881664276123
0.22264432907104492
0.1908881664276123
0.22264432907104492
0.1908881664276123
0.22264432907104492
0.1908881664276123
0.22264432907104492
0.1908881664276123
0.22264432907104492
0.1908881664276123
0.22264432907104492
0.1908881664276123
0.22264432907104492
0.1908881664276123
0.22264432907104492
0.1908881664276123
0.22264432907104492
0.1908881664276123
0.22264432907104492
0.1908881664276123
0.22264432907104492
0.1908881664276123
0.22264432907104492
0.1908881664276123
0.22264432907104492