0.18964099884033203
0.2912881374359131
0.18964099884033203
0.2912881374359131
0.18964099884033203
0.2912881374359131
0.295637845993042
0.18964099884033203
0.2912881374359131
0.295637845993042
0.2796945571899414
0.20023703575134277
0.18964099884033203
0.2912881374359131
0.295637845993042
0.2796945571899414
0.20023703575134277
0.2160501480102539
0.18964099884033203
0.2912881374359131
0.295637845993042
0.2796945571899414
0.20023703575134277
0.2160501480102539
0.2240002155303955
0.23140501976013184
0.18964099884033203
0.2912881374359131
0.295637845993042
0.2796945571899414
0.20023703575134277
0.2160501480102539
0.2240002155303955
0.23140501976013184
0.18964099884033203
0.2912881374359131
0.295637845993042
0.2796945571899414
0.20023703575134277
0.2160501480102539
0.2240002155303955
0.23140501976013184
0.24775099754333496
0.18964099884033203
0.2912881374359131
0.295637845993042
0.2796945571899414
0.20023703575134277
0.2160501480102539
0.2240002155303955
0.23140501976013184
0.24775099754333496
0.18964099884033203
0.2912881374359131
0.295637845993042
0.2796945571899414
0.20023703575134277
0.2160501480102539
0.2240002155303955
0.23140501976013184
0.24775099754333496
0.18964099884033203
0.2912881374359131
0.295637845993042
0.2796945571899414
0.20023703575134277
0.2160501480102539
0.2240002155303955
0.23140501976013184
0.24775099754333496
0.18964099884033203
0.2912881374359131
0.295637845993042
0.2796945571899414
0.20023703575134277
0.2160501480102539
0.2240002155303955
0.23140501976013184
0.24775099754333496
0.18964099884033203
0.2912881374359131
0.295637845993042
0.2796945571899414
0.20023703575134277
0.2160501480102539
0.2240002155303955
0.23140501976013184
0.24775099754333496
0.18373966217041016
0.20816874504089355
0.18964099884033203
0.2912881374359131
0.295637845993042
0.2796945571899414
0.20023703575134277
0.2160501480102539
0.2240002155303955
0.23140501976013184
0.24775099754333496
0.18373966217041016
0.20816874504089355
0.18964099884033203
0.2912881374359131
0.295637845993042
0.2796945571899414
0.20023703575134277
0.2160501480102539
0.2240002155303955
0.23140501976013184
0.24775099754333496
0.18373966217041016
0.20816874504089355
0.18964099884033203
0.2912881374359131
0.295637845993042
0.2796945571899414
0.20023703575134277
0.2160501480102539
0.2240002155303955
0.23140501976013184
0.24775099754333496
0.18373966217041016
0.20816874504089355
0.15970444679260254
0.18964099884033203
0.2912881374359131
0.295637845993042
0.2796945571899414
0.20023703575134277
0.2160501480102539
0.2240002155303955
0.23140501976013184
0.24775099754333496
0.18373966217041016
0.20816874504089355
0.15970444679260254
0.20050501823425293
0.29502248764038086
0.383516788482666
0.18964099884033203
0.2912881374359131
0.295637845993042
0.2796945571899414
0.20023703575134277
0.2160501480102539
0.2240002155303955
0.23140501976013184
0.24775099754333496
0.18373966217041016
0.20816874504089355
0.15970444679260254
0.20050501823425293
0.29502248764038086
0.383516788482666
0.18964099884033203
0.2912881374359131
0.295637845993042
0.2796945571899414
0.20023703575134277
0.2160501480102539
0.2240002155303955
0.23140501976013184
0.24775099754333496
0.18373966217041016
0.20816874504089355
0.15970444679260254
0.20050501823425293
0.29502248764038086
0.383516788482666
0.18964099884033203
0.2912881374359131
0.295637845993042
0.2796945571899414
0.20023703575134277
0.2160501480102539
0.2240002155303955
0.23140501976013184
0.24775099754333496
0.18373966217041016
0.20816874504089355
0.15970444679260254
0.20050501823425293
0.29502248764038086
0.383516788482666
0.3118171691894531
0.18964099884033203
0.2912881374359131
0.295637845993042
0.2796945571899414
0.20023703575134277
0.2160501480102539
0.2240002155303955
0.23140501976013184
0.24775099754333496
0.18373966217041016
0.20816874504089355
0.15970444679260254
0.20050501823425293
0.29502248764038086
0.383516788482666
0.3118171691894531
0.18964099884033203
0.2912881374359131
0.295637845993042
0.2796945571899414
0.20023703575134277
0.2160501480102539
0.2240002155303955
0.23140501976013184
0.24775099754333496
0.18373966217041016
0.20816874504089355
0.15970444679260254
0.20050501823425293
0.29502248764038086
0.383516788482666
0.3118171691894531
0.18964099884033203
0.2912881374359131
0.295637845993042
0.2796945571899414
0.20023703575134277
0.2160501480102539
0.2240002155303955
0.23140501976013184
0.24775099754333496
0.18373966217041016
0.20816874504089355
0.15970444679260254
0.20050501823425293
0.29502248764038086
0.383516788482666
0.3118171691894531
0.18964099884033203
0.2912881374359131
0.295637845993042
0.2796945571899414
0.20023703575134277
0.2160501480102539
0.2240002155303955
0.23140501976013184
0.24775099754333496
0.18373966217041016
0.20816874504089355
0.15970444679260254
0.20050501823425293
0.29502248764038086
0.383516788482666
0.3118171691894531
0.18964099884033203
0.2912881374359131
0.295637845993042
0.2796945571899414
0.20023703575134277
0.2160501480102539
0.2240002155303955
0.23140501976013184
0.24775099754333496
0.18373966217041016
0.20816874504089355
0.15970444679260254
0.20050501823425293
0.29502248764038086
0.383516788482666
0.3118171691894531
0.1880171298980713
0.18964099884033203
0.2912881374359131
0.295637845993042
0.2796945571899414
0.20023703575134277
0.2160501480102539
0.2240002155303955
0.23140501976013184
0.24775099754333496
0.18373966217041016
0.20816874504089355
0.15970444679260254
0.20050501823425293
0.29502248764038086
0.383516788482666
0.3118171691894531
0.1880171298980713
0.18964099884033203
0.2912881374359131
0.295637845993042
0.2796945571899414
0.20023703575134277
0.2160501480102539
0.2240002155303955
0.23140501976013184
0.24775099754333496
0.18373966217041016
0.20816874504089355
0.15970444679260254
0.20050501823425293
0.29502248764038086
0.383516788482666
0.3118171691894531
0.1880171298980713
0.18964099884033203
0.2912881374359131
0.295637845993042
0.2796945571899414
0.20023703575134277
0.2160501480102539
0.2240002155303955
0.23140501976013184
0.24775099754333496
0.18373966217041016
0.20816874504089355
0.15970444679260254
0.20050501823425293
0.29502248764038086
0.383516788482666
0.3118171691894531
0.1880171298980713
0.18964099884033203
0.2912881374359131
0.295637845993042
0.2796945571899414
0.20023703575134277
0.2160501480102539
0.2240002155303955
0.23140501976013184
0.24775099754333496
0.18373966217041016
0.20816874504089355
0.15970444679260254
0.20050501823425293
0.29502248764038086
0.383516788482666
0.3118171691894531
0.1880171298980713
0.18964099884033203
0.2912881374359131
0.295637845993042
0.2796945571899414
0.20023703575134277
0.2160501480102539
0.2240002155303955
0.23140501976013184
0.24775099754333496
0.18373966217041016
0.20816874504089355
0.15970444679260254
0.20050501823425293
0.29502248764038086
0.383516788482666
0.3118171691894531
0.1880171298980713
0.21540355682373047