0.24685049057006836
0.24685049057006836
0.24685049057006836
0.24685049057006836
0.24685049057006836
0.24685049057006836
0.24685049057006836
0.24685049057006836
0.24685049057006836
0.24685049057006836
0.24685049057006836
0.24685049057006836
0.24685049057006836
0.24685049057006836
0.24685049057006836
0.24685049057006836
0.24685049057006836
0.24685049057006836
0.24685049057006836
0.24685049057006836
0.24685049057006836
0.24685049057006836
0.24685049057006836
0.24685049057006836
0.24685049057006836
0.24685049057006836
0.24685049057006836
0.24685049057006836
0.24685049057006836