0.19914484024047852
0.19914484024047852
0.19914484024047852
0.19914484024047852
0.19914484024047852
0.19914484024047852
0.19914484024047852
0.19113469123840332
0.19914484024047852
0.19113469123840332
0.19914484024047852
0.19113469123840332
0.19914484024047852
0.19113469123840332
0.19914484024047852
0.19113469123840332
0.19914484024047852
0.19113469123840332
0.19914484024047852
0.19113469123840332
0.19914484024047852
0.19113469123840332
0.19914484024047852
0.19113469123840332
0.19914484024047852
0.19113469123840332
0.21517181396484375
0.19914484024047852
0.19113469123840332
0.21517181396484375
0.19914484024047852
0.19113469123840332
0.21517181396484375
0.19914484024047852
0.19113469123840332
0.21517181396484375
0.19914484024047852
0.19113469123840332
0.21517181396484375
0.19914484024047852
0.19113469123840332
0.21517181396484375
0.19914484024047852
0.19113469123840332
0.21517181396484375
0.19914484024047852
0.19113469123840332
0.21517181396484375
0.18298816680908203
0.19914484024047852
0.19113469123840332
0.21517181396484375
0.18298816680908203
0.19914484024047852
0.19113469123840332
0.21517181396484375
0.18298816680908203
0.19914484024047852
0.19113469123840332
0.21517181396484375
0.18298816680908203
0.22261285781860352
0.19914484024047852
0.19113469123840332
0.21517181396484375
0.18298816680908203
0.22261285781860352
0.19914484024047852
0.19113469123840332
0.21517181396484375
0.18298816680908203
0.22261285781860352
0.19914484024047852
0.19113469123840332
0.21517181396484375
0.18298816680908203
0.22261285781860352