0.22974014282226562
0.22974014282226562
0.22974014282226562
0.22974014282226562
0.22974014282226562
0.22974014282226562
0.22974014282226562
0.22974014282226562
0.22974014282226562
0.22974014282226562
0.22974014282226562
0.22974014282226562
0.22974014282226562
0.22974014282226562
0.22974014282226562
0.22974014282226562
0.22974014282226562
0.22974014282226562
0.22974014282226562
0.48537468910217285
0.22974014282226562
0.48537468910217285
0.19005727767944336
0.22974014282226562
0.48537468910217285
0.19005727767944336
1.2571825981140137
0.22974014282226562
0.48537468910217285
0.19005727767944336
1.2571825981140137
1.4237098693847656
0.22974014282226562
0.48537468910217285
0.19005727767944336
1.2571825981140137
1.4237098693847656
0.22974014282226562
0.48537468910217285
0.19005727767944336
1.2571825981140137
1.4237098693847656
0.3738548755645752
0.19020366668701172
0.22974014282226562
0.48537468910217285
0.19005727767944336
1.2571825981140137
1.4237098693847656
0.3738548755645752
0.19020366668701172
0.22974014282226562
0.48537468910217285
0.19005727767944336
1.2571825981140137
1.4237098693847656
0.3738548755645752
0.19020366668701172
0.2778291702270508
0.22974014282226562
0.48537468910217285
0.19005727767944336
1.2571825981140137
1.4237098693847656
0.3738548755645752
0.19020366668701172
0.2778291702270508
0.36566948890686035
0.2139444351196289
0.22974014282226562
0.48537468910217285
0.19005727767944336
1.2571825981140137
1.4237098693847656
0.3738548755645752
0.19020366668701172
0.2778291702270508
0.36566948890686035
0.2139444351196289
0.22220301628112793
0.22974014282226562
0.48537468910217285
0.19005727767944336
1.2571825981140137
1.4237098693847656
0.3738548755645752
0.19020366668701172
0.2778291702270508
0.36566948890686035
0.2139444351196289
0.22220301628112793
0.22974014282226562
0.48537468910217285
0.19005727767944336
1.2571825981140137
1.4237098693847656
0.3738548755645752
0.19020366668701172
0.2778291702270508
0.36566948890686035
0.2139444351196289
0.22220301628112793