0.22200584411621094
0.22200584411621094
0.22200584411621094
0.22200584411621094
0.22200584411621094
1.3174772262573242
0.22200584411621094
1.3174772262573242
0.22200584411621094
1.3174772262573242
0.46938180923461914
0.20614862442016602
0.22200584411621094
1.3174772262573242
0.46938180923461914
0.20614862442016602
0.22200584411621094
1.3174772262573242
0.46938180923461914
0.20614862442016602
0.22200584411621094
1.3174772262573242
0.46938180923461914
0.20614862442016602
0.22200584411621094
1.3174772262573242
0.46938180923461914
0.20614862442016602
0.22200584411621094
1.3174772262573242
0.46938180923461914
0.20614862442016602
0.22200584411621094
1.3174772262573242
0.46938180923461914
0.20614862442016602
0.22200584411621094
1.3174772262573242
0.46938180923461914
0.20614862442016602
0.22200584411621094
1.3174772262573242
0.46938180923461914
0.20614862442016602
0.22200584411621094
1.3174772262573242
0.46938180923461914
0.20614862442016602
0.22200584411621094
1.3174772262573242
0.46938180923461914
0.20614862442016602
0.22200584411621094
1.3174772262573242
0.46938180923461914
0.20614862442016602
0.22200584411621094
1.3174772262573242
0.46938180923461914
0.20614862442016602
0.22200584411621094
1.3174772262573242
0.46938180923461914
0.20614862442016602
0.23009991645812988
0.22200584411621094
1.3174772262573242
0.46938180923461914
0.20614862442016602
0.23009991645812988
0.3975186347961426
0.22200584411621094
1.3174772262573242
0.46938180923461914
0.20614862442016602
0.23009991645812988
0.3975186347961426
0.22200584411621094
1.3174772262573242
0.46938180923461914
0.20614862442016602
0.23009991645812988
0.3975186347961426
0.26192450523376465
0.19814777374267578
0.22200584411621094
1.3174772262573242
0.46938180923461914
0.20614862442016602
0.23009991645812988
0.3975186347961426
0.26192450523376465
0.19814777374267578
0.22200584411621094
1.3174772262573242
0.46938180923461914
0.20614862442016602
0.23009991645812988
0.3975186347961426
0.26192450523376465
0.19814777374267578
0.22200584411621094
1.3174772262573242
0.46938180923461914
0.20614862442016602
0.23009991645812988
0.3975186347961426
0.26192450523376465
0.19814777374267578
0.22200584411621094
1.3174772262573242
0.46938180923461914
0.20614862442016602
0.23009991645812988
0.3975186347961426
0.26192450523376465
0.19814777374267578
0.2621028423309326
0.22200584411621094
1.3174772262573242
0.46938180923461914
0.20614862442016602
0.23009991645812988
0.3975186347961426
0.26192450523376465
0.19814777374267578
0.2621028423309326
0.2302103042602539