0.5300552845001221
0.26906800270080566
1.0391840934753418
0.33893299102783203
0.23673343658447266
0.2948017120361328
0.35282015800476074
0.3472096920013428
0.29016685485839844
0.17006587982177734
0.5472726821899414
0.5302114486694336
0.2517242431640625
0.9107131958007812
0.23311734199523926
0.23191595077514648
0.2523789405822754
0.25203967094421387
0.3779478073120117
0.20114684104919434
0.9149863719940186
0.247222900390625
0.5014774799346924
0.25229430198669434
0.24001049995422363
0.3289449214935303
0.28725314140319824
0.25083184242248535
0.25400876998901367
0.31368136405944824