0.3240823745727539
0.3240823745727539
0.3240823745727539
0.3240823745727539
0.3240823745727539
0.3240823745727539
0.3240823745727539
0.2843661308288574
0.3240823745727539
0.2843661308288574
0.3240823745727539
0.2843661308288574
0.3240823745727539
0.2843661308288574
0.3240823745727539
0.2843661308288574
0.3240823745727539
0.2843661308288574
0.3240823745727539
0.2843661308288574
0.3240823745727539
0.2843661308288574
0.6991455554962158
0.3240823745727539
0.2843661308288574
0.6991455554962158
0.3401467800140381
0.3240823745727539
0.2843661308288574
0.6991455554962158
0.3401467800140381
0.3240823745727539
0.2843661308288574
0.6991455554962158
0.3401467800140381
0.3240823745727539
0.2843661308288574
0.6991455554962158
0.3401467800140381
0.3240823745727539
0.2843661308288574
0.6991455554962158
0.3401467800140381
0.3240823745727539
0.2843661308288574
0.6991455554962158
0.3401467800140381