0.2969541549682617
0.2969541549682617
0.2969541549682617
0.2969541549682617
0.2969541549682617
0.2969541549682617
0.33262038230895996
0.2969541549682617
0.33262038230895996
0.2767491340637207
0.2969541549682617
0.33262038230895996
0.2767491340637207
0.2969541549682617
0.33262038230895996
0.2767491340637207
0.2969541549682617
0.33262038230895996
0.2767491340637207
0.3331570625305176
0.2969541549682617
0.33262038230895996
0.2767491340637207
0.3331570625305176
0.2969541549682617
0.33262038230895996
0.2767491340637207
0.3331570625305176
0.25001025199890137
0.3094370365142822
0.2969541549682617
0.33262038230895996
0.2767491340637207
0.3331570625305176
0.25001025199890137
0.3094370365142822
0.2969541549682617
0.33262038230895996
0.2767491340637207
0.3331570625305176
0.25001025199890137
0.3094370365142822
0.2969541549682617
0.33262038230895996
0.2767491340637207
0.3331570625305176
0.25001025199890137
0.3094370365142822
0.28605175018310547
0.35720133781433105
0.2969541549682617
0.33262038230895996
0.2767491340637207
0.3331570625305176
0.25001025199890137
0.3094370365142822
0.28605175018310547
0.35720133781433105
0.33315038681030273
0.2969541549682617
0.33262038230895996
0.2767491340637207
0.3331570625305176
0.25001025199890137
0.3094370365142822
0.28605175018310547
0.35720133781433105
0.33315038681030273
0.21563386917114258
0.2969541549682617
0.33262038230895996
0.2767491340637207
0.3331570625305176
0.25001025199890137
0.3094370365142822
0.28605175018310547
0.35720133781433105
0.33315038681030273
0.21563386917114258
0.3406648635864258
0.2969541549682617
0.33262038230895996
0.2767491340637207
0.3331570625305176
0.25001025199890137
0.3094370365142822
0.28605175018310547
0.35720133781433105
0.33315038681030273
0.21563386917114258
0.3406648635864258
0.2534825801849365
0.31693124771118164
0.2969541549682617
0.33262038230895996
0.2767491340637207
0.3331570625305176
0.25001025199890137
0.3094370365142822
0.28605175018310547
0.35720133781433105
0.33315038681030273
0.21563386917114258
0.3406648635864258
0.2534825801849365
0.31693124771118164
0.8479964733123779
0.2969541549682617
0.33262038230895996
0.2767491340637207
0.3331570625305176
0.25001025199890137
0.3094370365142822
0.28605175018310547
0.35720133781433105
0.33315038681030273
0.21563386917114258
0.3406648635864258
0.2534825801849365
0.31693124771118164
0.8479964733123779
0.7080347537994385
0.2969541549682617
0.33262038230895996
0.2767491340637207
0.3331570625305176
0.25001025199890137
0.3094370365142822
0.28605175018310547
0.35720133781433105
0.33315038681030273
0.21563386917114258
0.3406648635864258
0.2534825801849365
0.31693124771118164
0.8479964733123779
0.7080347537994385
0.2969541549682617
0.33262038230895996
0.2767491340637207
0.3331570625305176
0.25001025199890137
0.3094370365142822
0.28605175018310547
0.35720133781433105
0.33315038681030273
0.21563386917114258
0.3406648635864258
0.2534825801849365
0.31693124771118164
0.8479964733123779
0.7080347537994385
0.2969541549682617
0.33262038230895996
0.2767491340637207
0.3331570625305176
0.25001025199890137
0.3094370365142822
0.28605175018310547
0.35720133781433105
0.33315038681030273
0.21563386917114258
0.3406648635864258
0.2534825801849365
0.31693124771118164
0.8479964733123779
0.7080347537994385
0.32528042793273926
0.2969541549682617
0.33262038230895996
0.2767491340637207
0.3331570625305176
0.25001025199890137
0.3094370365142822
0.28605175018310547
0.35720133781433105
0.33315038681030273
0.21563386917114258
0.3406648635864258
0.2534825801849365
0.31693124771118164
0.8479964733123779
0.7080347537994385
0.32528042793273926
0.2969541549682617
0.33262038230895996
0.2767491340637207
0.3331570625305176
0.25001025199890137
0.3094370365142822
0.28605175018310547
0.35720133781433105
0.33315038681030273
0.21563386917114258
0.3406648635864258
0.2534825801849365
0.31693124771118164
0.8479964733123779
0.7080347537994385
0.32528042793273926
0.20543956756591797
0.2969541549682617
0.33262038230895996
0.2767491340637207
0.3331570625305176
0.25001025199890137
0.3094370365142822
0.28605175018310547
0.35720133781433105
0.33315038681030273
0.21563386917114258
0.3406648635864258
0.2534825801849365
0.31693124771118164
0.8479964733123779
0.7080347537994385
0.32528042793273926
0.20543956756591797
0.2969541549682617
0.33262038230895996
0.2767491340637207
0.3331570625305176
0.25001025199890137
0.3094370365142822
0.28605175018310547
0.35720133781433105
0.33315038681030273
0.21563386917114258
0.3406648635864258
0.2534825801849365
0.31693124771118164
0.8479964733123779
0.7080347537994385
0.32528042793273926
0.20543956756591797
0.2914714813232422
0.2969541549682617
0.33262038230895996
0.2767491340637207
0.3331570625305176
0.25001025199890137
0.3094370365142822
0.28605175018310547
0.35720133781433105
0.33315038681030273
0.21563386917114258
0.3406648635864258
0.2534825801849365
0.31693124771118164
0.8479964733123779
0.7080347537994385
0.32528042793273926
0.20543956756591797
0.2914714813232422