0.5090663433074951
0.5090663433074951
0.5090663433074951
0.5090663433074951
0.5090663433074951
0.246046781539917
0.29389047622680664
0.5090663433074951
0.246046781539917
0.29389047622680664
0.5090663433074951
0.246046781539917
0.29389047622680664
0.5090663433074951
0.246046781539917
0.29389047622680664
0.5090663433074951
0.246046781539917
0.29389047622680664
0.5090663433074951
0.246046781539917
0.29389047622680664
0.24601268768310547
0.5090663433074951
0.246046781539917
0.29389047622680664
0.24601268768310547
0.5090663433074951
0.246046781539917
0.29389047622680664
0.24601268768310547
0.5090663433074951
0.246046781539917
0.29389047622680664
0.24601268768310547
0.5090663433074951
0.246046781539917
0.29389047622680664
0.24601268768310547
0.5090663433074951
0.246046781539917
0.29389047622680664
0.24601268768310547
0.5090663433074951
0.246046781539917
0.29389047622680664
0.24601268768310547
0.5090663433074951
0.246046781539917
0.29389047622680664
0.24601268768310547
0.5090663433074951
0.246046781539917
0.29389047622680664
0.24601268768310547
0.5090663433074951
0.246046781539917
0.29389047622680664
0.24601268768310547
0.5090663433074951
0.246046781539917
0.29389047622680664
0.24601268768310547
0.5090663433074951
0.246046781539917
0.29389047622680664
0.24601268768310547
0.21375298500061035
0.5090663433074951
0.246046781539917
0.29389047622680664
0.24601268768310547
0.21375298500061035
0.5090663433074951
0.246046781539917
0.29389047622680664
0.24601268768310547
0.21375298500061035
0.27805614471435547
0.5090663433074951
0.246046781539917
0.29389047622680664
0.24601268768310547
0.21375298500061035
0.27805614471435547
0.5090663433074951
0.246046781539917
0.29389047622680664
0.24601268768310547
0.21375298500061035
0.27805614471435547
0.5090663433074951
0.246046781539917
0.29389047622680664
0.24601268768310547
0.21375298500061035
0.27805614471435547
0.5090663433074951
0.246046781539917
0.29389047622680664
0.24601268768310547
0.21375298500061035
0.27805614471435547