0.2995178699493408
0.2995178699493408
0.7698545455932617
0.2995178699493408
0.7698545455932617
0.2995178699493408
0.7698545455932617
0.2995178699493408
0.7698545455932617
0.2995178699493408
0.7698545455932617
0.2995178699493408
0.7698545455932617
0.2995178699493408
0.7698545455932617
0.2995178699493408
0.7698545455932617
0.2995178699493408
0.7698545455932617
0.2995178699493408
0.7698545455932617
0.2995178699493408
0.7698545455932617
0.2995178699493408
0.7698545455932617
0.2995178699493408
0.7698545455932617
0.2995178699493408
0.7698545455932617
0.2995178699493408
0.7698545455932617
0.2995178699493408
0.7698545455932617
0.2995178699493408
0.7698545455932617
0.2995178699493408
0.7698545455932617
0.2995178699493408
0.7698545455932617
0.2995178699493408
0.7698545455932617
0.2995178699493408
0.7698545455932617
0.2995178699493408
0.7698545455932617