0.22093510627746582
0.22093510627746582
0.22093510627746582
0.22093510627746582
0.22093510627746582
0.22093510627746582
0.22093510627746582
0.22093510627746582
0.22093510627746582
0.22093510627746582
0.22093510627746582
0.22093510627746582
0.22093510627746582
0.22093510627746582
0.22093510627746582
0.22093510627746582
0.3327028751373291
0.22093510627746582
0.3327028751373291
0.22093510627746582
0.3327028751373291
0.22093510627746582
0.3327028751373291
0.22093510627746582
0.3327028751373291
0.22093510627746582
0.3327028751373291
0.22093510627746582
0.3327028751373291
0.22093510627746582
0.3327028751373291
0.22093510627746582
0.3327028751373291
0.22093510627746582
0.3327028751373291
0.22093510627746582
0.3327028751373291
0.22093510627746582
0.3327028751373291
0.22093510627746582
0.3327028751373291
0.22093510627746582
0.3327028751373291
0.22093510627746582
0.3327028751373291