0.1658492088317871
0.3569002151489258
0.1658492088317871
0.3569002151489258
0.13387274742126465
0.1658492088317871
0.3569002151489258
0.13387274742126465
0.1658492088317871
0.3569002151489258
0.13387274742126465
0.1658492088317871
0.3569002151489258
0.13387274742126465
0.1658492088317871
0.3569002151489258
0.13387274742126465
0.1658492088317871
0.3569002151489258
0.13387274742126465
0.18956685066223145
0.1658492088317871
0.3569002151489258
0.13387274742126465
0.18956685066223145
0.1658492088317871
0.3569002151489258
0.13387274742126465
0.18956685066223145
0.1658492088317871
0.3569002151489258
0.13387274742126465
0.18956685066223145
0.1658492088317871
0.3569002151489258
0.13387274742126465
0.18956685066223145
0.1658492088317871
0.3569002151489258
0.13387274742126465
0.18956685066223145
0.1658492088317871
0.3569002151489258
0.13387274742126465
0.18956685066223145
0.1658492088317871
0.3569002151489258
0.13387274742126465
0.18956685066223145
0.1658492088317871
0.3569002151489258
0.13387274742126465
0.18956685066223145
0.1658492088317871
0.3569002151489258
0.13387274742126465
0.18956685066223145
0.1658492088317871
0.3569002151489258
0.13387274742126465
0.18956685066223145
0.1658492088317871
0.3569002151489258
0.13387274742126465
0.18956685066223145
0.1658492088317871
0.3569002151489258
0.13387274742126465
0.18956685066223145
0.1658492088317871
0.3569002151489258
0.13387274742126465
0.18956685066223145
0.1658492088317871
0.3569002151489258
0.13387274742126465
0.18956685066223145
0.1658492088317871
0.3569002151489258
0.13387274742126465
0.18956685066223145
0.1658492088317871
0.3569002151489258
0.13387274742126465
0.18956685066223145
0.1658492088317871
0.3569002151489258
0.13387274742126465
0.18956685066223145
0.1658492088317871
0.3569002151489258
0.13387274742126465
0.18956685066223145
0.1658492088317871
0.3569002151489258
0.13387274742126465
0.18956685066223145
0.1658492088317871
0.3569002151489258
0.13387274742126465
0.18956685066223145
0.1658492088317871
0.3569002151489258
0.13387274742126465
0.18956685066223145
0.1658492088317871
0.3569002151489258
0.13387274742126465
0.18956685066223145
0.1658492088317871
0.3569002151489258
0.13387274742126465
0.18956685066223145