0.27646517753601074
0.27646517753601074
0.27646517753601074
0.19597697257995605
0.27646517753601074
0.19597697257995605
0.27646517753601074
0.19597697257995605
0.27646517753601074
0.19597697257995605
0.27646517753601074
0.19597697257995605
0.27646517753601074
0.19597697257995605
0.27646517753601074
0.19597697257995605
0.19707512855529785
0.27646517753601074
0.19597697257995605
0.19707512855529785
0.36397552490234375
0.27646517753601074
0.19597697257995605
0.19707512855529785
0.36397552490234375
0.27646517753601074
0.19597697257995605
0.19707512855529785
0.36397552490234375
0.27646517753601074
0.19597697257995605
0.19707512855529785
0.36397552490234375
0.27646517753601074
0.19597697257995605
0.19707512855529785
0.36397552490234375
0.27646517753601074
0.19597697257995605
0.19707512855529785
0.36397552490234375
0.27646517753601074
0.19597697257995605
0.19707512855529785
0.36397552490234375
0.27646517753601074
0.19597697257995605
0.19707512855529785
0.36397552490234375
0.1647331714630127
0.27646517753601074
0.19597697257995605
0.19707512855529785
0.36397552490234375
0.1647331714630127
0.27646517753601074
0.19597697257995605
0.19707512855529785
0.36397552490234375
0.1647331714630127
0.27646517753601074
0.19597697257995605
0.19707512855529785
0.36397552490234375
0.1647331714630127
0.27646517753601074
0.19597697257995605
0.19707512855529785
0.36397552490234375
0.1647331714630127
0.27646517753601074
0.19597697257995605
0.19707512855529785
0.36397552490234375
0.1647331714630127
0.27646517753601074
0.19597697257995605
0.19707512855529785
0.36397552490234375
0.1647331714630127
0.27646517753601074
0.19597697257995605
0.19707512855529785
0.36397552490234375
0.1647331714630127
0.27646517753601074
0.19597697257995605
0.19707512855529785
0.36397552490234375
0.1647331714630127
0.18863344192504883
0.1407325267791748
0.27646517753601074
0.19597697257995605
0.19707512855529785
0.36397552490234375
0.1647331714630127
0.18863344192504883
0.1407325267791748
0.27646517753601074
0.19597697257995605
0.19707512855529785
0.36397552490234375
0.1647331714630127
0.18863344192504883
0.1407325267791748