0.4833652973175049
0.4833652973175049
0.2842724323272705
0.4833652973175049
0.2842724323272705
0.4833652973175049
0.2842724323272705
0.4833652973175049
0.2842724323272705
0.4833652973175049
0.2842724323272705
0.4833652973175049
0.2842724323272705
0.4833652973175049
0.2842724323272705
0.4833652973175049
0.2842724323272705
0.4833652973175049
0.2842724323272705
0.4833652973175049
0.2842724323272705
0.4833652973175049
0.2842724323272705
0.4833652973175049
0.2842724323272705
0.4833652973175049
0.2842724323272705
0.4833652973175049
0.2842724323272705
0.4833652973175049
0.2842724323272705
0.4833652973175049
0.2842724323272705
0.4833652973175049
0.2842724323272705
0.4833652973175049
0.2842724323272705
0.4833652973175049
0.2842724323272705
0.4833652973175049
0.2842724323272705
0.4833652973175049
0.2842724323272705
0.4833652973175049
0.2842724323272705
0.4833652973175049
0.2842724323272705
0.4833652973175049
0.2842724323272705
0.4833652973175049
0.2842724323272705
0.4833652973175049
0.2842724323272705
0.4833652973175049
0.2842724323272705
0.4833652973175049
0.2842724323272705
0.4833652973175049
0.2842724323272705