0.3568534851074219
0.3568534851074219
0.3568534851074219
0.3568534851074219
0.3568534851074219
0.3568534851074219
0.3568534851074219
0.3568534851074219
0.3568534851074219
0.3568534851074219
0.3568534851074219
0.25409960746765137
0.3568534851074219
0.25409960746765137
0.3568534851074219
0.25409960746765137
0.3568534851074219
0.25409960746765137
0.3568534851074219
0.25409960746765137
0.3568534851074219
0.25409960746765137
0.3568534851074219
0.25409960746765137
0.3568534851074219
0.25409960746765137
0.3568534851074219
0.25409960746765137
0.3568534851074219
0.25409960746765137
0.3568534851074219
0.25409960746765137
0.3568534851074219
0.25409960746765137
0.3568534851074219
0.25409960746765137
0.3568534851074219
0.25409960746765137
0.3568534851074219
0.25409960746765137
0.3568534851074219
0.25409960746765137
0.3568534851074219
0.25409960746765137
0.3568534851074219
0.25409960746765137
0.3568534851074219
0.25409960746765137