0.3076038360595703
0.3076038360595703
0.3076038360595703
0.32355594635009766
0.3076038360595703
0.32355594635009766
0.3076038360595703
0.32355594635009766
0.2833828926086426
0.3076038360595703
0.32355594635009766
0.2833828926086426
0.3076038360595703
0.32355594635009766
0.2833828926086426
0.35576796531677246
0.3076038360595703
0.32355594635009766
0.2833828926086426
0.35576796531677246
0.3076038360595703
0.32355594635009766
0.2833828926086426
0.35576796531677246
0.3076038360595703
0.32355594635009766
0.2833828926086426
0.35576796531677246
0.3076038360595703
0.32355594635009766
0.2833828926086426
0.35576796531677246
0.3076038360595703
0.32355594635009766
0.2833828926086426
0.35576796531677246
0.3076038360595703
0.32355594635009766
0.2833828926086426
0.35576796531677246
0.3076038360595703
0.32355594635009766
0.2833828926086426
0.35576796531677246
0.2676835060119629
0.3076038360595703
0.32355594635009766
0.2833828926086426
0.35576796531677246
0.2676835060119629
0.3076038360595703
0.32355594635009766
0.2833828926086426
0.35576796531677246
0.2676835060119629
0.3076038360595703
0.32355594635009766
0.2833828926086426
0.35576796531677246
0.2676835060119629
0.3076038360595703
0.32355594635009766
0.2833828926086426
0.35576796531677246
0.2676835060119629
0.3076038360595703
0.32355594635009766
0.2833828926086426
0.35576796531677246
0.2676835060119629
0.3076038360595703
0.32355594635009766
0.2833828926086426
0.35576796531677246
0.2676835060119629
0.22817707061767578