0.1619884967803955
0.16895222663879395
0.19590425491333008
0.1679213047027588
0.14602279663085938
0.19523096084594727
0.17699790000915527
0.3050246238708496
0.24495267868041992
0.19905686378479004
0.34585142135620117
0.16575980186462402
0.1889944076538086
0.2602987289428711
0.20617175102233887
0.17213678359985352
0.15617847442626953
0.15691828727722168
0.14753508567810059
0.16436433792114258
0.25618863105773926
0.16308045387268066
0.20241856575012207
0.1731729507446289
0.15002131462097168
0.18004417419433594
0.19966435432434082
0.14974117279052734
0.29035282135009766
0.1658034324645996
0.17049121856689453
0.19555044174194336
0.16298866271972656
0.15276026725769043
0.19283747673034668
0.16106128692626953
0.18216419219970703
0.4313826560974121
0.23291921615600586