0.27100706100463867
0.27100706100463867
0.27100706100463867
0.27100706100463867
0.27100706100463867
0.27100706100463867
0.27100706100463867
0.25464344024658203
0.27100706100463867
0.25464344024658203
0.27100706100463867
0.25464344024658203
0.27100706100463867
0.25464344024658203
0.27100706100463867
0.25464344024658203
0.27100706100463867
0.25464344024658203
0.2867090702056885
0.27100706100463867
0.25464344024658203
0.2867090702056885
0.27100706100463867
0.25464344024658203
0.2867090702056885
0.27100706100463867
0.25464344024658203
0.2867090702056885
0.3185722827911377
0.27100706100463867
0.25464344024658203
0.2867090702056885
0.3185722827911377
0.27100706100463867
0.25464344024658203
0.2867090702056885
0.3185722827911377
0.27100706100463867
0.25464344024658203
0.2867090702056885
0.3185722827911377
0.33475732803344727
0.32688403129577637
0.27100706100463867
0.25464344024658203
0.2867090702056885
0.3185722827911377
0.33475732803344727
0.32688403129577637
0.27100706100463867
0.25464344024658203
0.2867090702056885
0.3185722827911377
0.33475732803344727
0.32688403129577637
0.27100706100463867
0.25464344024658203
0.2867090702056885
0.3185722827911377
0.33475732803344727
0.32688403129577637
0.27100706100463867
0.25464344024658203
0.2867090702056885
0.3185722827911377
0.33475732803344727
0.32688403129577637
0.27100706100463867
0.25464344024658203
0.2867090702056885
0.3185722827911377
0.33475732803344727
0.32688403129577637
0.23960423469543457
0.27100706100463867
0.25464344024658203
0.2867090702056885
0.3185722827911377
0.33475732803344727
0.32688403129577637
0.23960423469543457
0.23917865753173828
0.27100706100463867
0.25464344024658203
0.2867090702056885
0.3185722827911377
0.33475732803344727
0.32688403129577637
0.23960423469543457
0.23917865753173828
0.23964405059814453
0.27100706100463867
0.25464344024658203
0.2867090702056885
0.3185722827911377
0.33475732803344727
0.32688403129577637
0.23960423469543457
0.23917865753173828
0.23964405059814453
0.27100706100463867
0.25464344024658203
0.2867090702056885
0.3185722827911377
0.33475732803344727
0.32688403129577637
0.23960423469543457
0.23917865753173828
0.23964405059814453
0.27100706100463867
0.25464344024658203
0.2867090702056885
0.3185722827911377
0.33475732803344727
0.32688403129577637
0.23960423469543457
0.23917865753173828
0.23964405059814453
0.302703857421875