0.14266705513000488
0.14266705513000488
0.14266705513000488
0.11832833290100098
0.14266705513000488
0.11832833290100098
0.14266705513000488
0.11832833290100098
0.14266705513000488
0.11832833290100098
0.14266705513000488
0.11832833290100098
0.16617655754089355
0.14266705513000488
0.11832833290100098
0.16617655754089355
0.14266705513000488
0.11832833290100098
0.16617655754089355
0.14266705513000488
0.11832833290100098
0.16617655754089355
0.14266705513000488
0.11832833290100098
0.16617655754089355
0.13463616371154785
0.14266705513000488
0.11832833290100098
0.16617655754089355
0.13463616371154785
0.14266705513000488
0.11832833290100098
0.16617655754089355
0.13463616371154785
0.15828394889831543
0.14266705513000488
0.11832833290100098
0.16617655754089355
0.13463616371154785
0.15828394889831543
0.14266705513000488
0.11832833290100098
0.16617655754089355
0.13463616371154785
0.15828394889831543
0.14266705513000488
0.11832833290100098
0.16617655754089355
0.13463616371154785
0.15828394889831543
0.19025015830993652
0.14266705513000488
0.11832833290100098
0.16617655754089355
0.13463616371154785
0.15828394889831543
0.19025015830993652
0.15038776397705078
0.1902925968170166
0.14266705513000488
0.11832833290100098
0.16617655754089355
0.13463616371154785
0.15828394889831543
0.19025015830993652
0.15038776397705078
0.1902925968170166
0.14266705513000488
0.11832833290100098
0.16617655754089355
0.13463616371154785
0.15828394889831543
0.19025015830993652
0.15038776397705078
0.1902925968170166
0.14266705513000488
0.11832833290100098
0.16617655754089355
0.13463616371154785
0.15828394889831543
0.19025015830993652
0.15038776397705078
0.1902925968170166
0.14266705513000488
0.11832833290100098
0.16617655754089355
0.13463616371154785
0.15828394889831543
0.19025015830993652
0.15038776397705078
0.1902925968170166
0.14266705513000488
0.11832833290100098
0.16617655754089355
0.13463616371154785
0.15828394889831543
0.19025015830993652
0.15038776397705078
0.1902925968170166
0.14266705513000488
0.11832833290100098
0.16617655754089355
0.13463616371154785
0.15828394889831543
0.19025015830993652
0.15038776397705078
0.1902925968170166
0.14266705513000488
0.11832833290100098
0.16617655754089355
0.13463616371154785
0.15828394889831543
0.19025015830993652
0.15038776397705078
0.1902925968170166
0.14266705513000488
0.11832833290100098
0.16617655754089355
0.13463616371154785
0.15828394889831543
0.19025015830993652
0.15038776397705078
0.1902925968170166