0.3080716133117676
0.3080716133117676
0.34794116020202637
0.3242197036743164
0.3080716133117676
0.34794116020202637
0.3242197036743164
0.3080716133117676
0.34794116020202637
0.3242197036743164
0.7946019172668457
0.3080716133117676
0.34794116020202637
0.3242197036743164
0.7946019172668457
0.3080716133117676
0.34794116020202637
0.3242197036743164
0.7946019172668457
0.3080716133117676
0.34794116020202637
0.3242197036743164
0.7946019172668457
0.3080716133117676
0.34794116020202637
0.3242197036743164
0.7946019172668457
0.3080716133117676
0.34794116020202637
0.3242197036743164
0.7946019172668457
0.3080716133117676
0.34794116020202637
0.3242197036743164
0.7946019172668457
0.3080716133117676
0.34794116020202637
0.3242197036743164
0.7946019172668457
0.3080716133117676
0.34794116020202637
0.3242197036743164
0.7946019172668457
0.3080716133117676
0.34794116020202637
0.3242197036743164
0.7946019172668457
0.3080716133117676
0.34794116020202637
0.3242197036743164
0.7946019172668457
0.3080716133117676
0.34794116020202637
0.3242197036743164
0.7946019172668457
0.3080716133117676
0.34794116020202637
0.3242197036743164
0.7946019172668457
0.3882718086242676
0.3080716133117676
0.34794116020202637
0.3242197036743164
0.7946019172668457
0.3882718086242676
0.3080716133117676
0.34794116020202637
0.3242197036743164
0.7946019172668457
0.3882718086242676
0.3080716133117676
0.34794116020202637
0.3242197036743164
0.7946019172668457
0.3882718086242676
0.3080716133117676
0.34794116020202637
0.3242197036743164
0.7946019172668457
0.3882718086242676
0.3080716133117676
0.34794116020202637
0.3242197036743164
0.7946019172668457
0.3882718086242676
0.3080716133117676
0.34794116020202637
0.3242197036743164
0.7946019172668457
0.3882718086242676
0.3080716133117676
0.34794116020202637
0.3242197036743164
0.7946019172668457
0.3882718086242676
0.3080716133117676
0.34794116020202637
0.3242197036743164
0.7946019172668457
0.3882718086242676