0.2610173225402832
0.2610173225402832
0.2610173225402832
0.2610173225402832
0.2610173225402832
0.2610173225402832
0.2610173225402832
0.2610173225402832
0.21315574645996094
0.2610173225402832
0.21315574645996094
0.2610173225402832
0.21315574645996094
1.046616792678833
0.2610173225402832
0.21315574645996094
1.046616792678833
0.2610173225402832
0.21315574645996094
1.046616792678833
0.2610173225402832
0.21315574645996094
1.046616792678833
0.2610173225402832
0.21315574645996094
1.046616792678833
0.2610173225402832
0.21315574645996094
1.046616792678833
0.22125506401062012
0.2610173225402832
0.21315574645996094
1.046616792678833
0.22125506401062012
0.2610173225402832
0.21315574645996094
1.046616792678833
0.22125506401062012
0.2530660629272461
0.2610173225402832
0.21315574645996094
1.046616792678833
0.22125506401062012
0.2530660629272461
0.2610173225402832
0.21315574645996094
1.046616792678833
0.22125506401062012
0.2530660629272461
0.23693251609802246
0.2610173225402832
0.21315574645996094
1.046616792678833
0.22125506401062012
0.2530660629272461
0.23693251609802246
0.2610173225402832
0.21315574645996094
1.046616792678833
0.22125506401062012
0.2530660629272461
0.23693251609802246
0.2610173225402832
0.21315574645996094
1.046616792678833
0.22125506401062012
0.2530660629272461
0.23693251609802246
0.14138317108154297
0.2610173225402832
0.21315574645996094
1.046616792678833
0.22125506401062012
0.2530660629272461
0.23693251609802246
0.14138317108154297
0.2610173225402832
0.21315574645996094
1.046616792678833
0.22125506401062012
0.2530660629272461
0.23693251609802246
0.14138317108154297
0.2610173225402832
0.21315574645996094
1.046616792678833
0.22125506401062012
0.2530660629272461
0.23693251609802246
0.14138317108154297
0.16519951820373535
0.2610173225402832
0.21315574645996094
1.046616792678833
0.22125506401062012
0.2530660629272461
0.23693251609802246
0.14138317108154297
0.16519951820373535
0.6841006278991699