0.19524884223937988
0.19524884223937988
0.19524884223937988
0.19524884223937988
0.19524884223937988
0.19524884223937988
0.19524884223937988
0.19524884223937988
0.19524884223937988
0.19524884223937988
0.19524884223937988
0.19524884223937988
0.19524884223937988
0.19524884223937988
0.19524884223937988
0.19524884223937988
0.19524884223937988
0.19524884223937988
0.19524884223937988
0.19524884223937988
0.19524884223937988
0.19524884223937988
0.19524884223937988
0.19524884223937988
0.19524884223937988
0.19524884223937988
0.19524884223937988
0.19524884223937988
0.19524884223937988