0.22162127494812012
0.22162127494812012
0.22162127494812012
0.22162127494812012
0.22162127494812012
0.22162127494812012
0.22162127494812012
0.22162127494812012
0.22162127494812012
0.22162127494812012
0.22162127494812012
0.22162127494812012
0.22162127494812012
0.22162127494812012
0.22162127494812012
0.25394296646118164
0.22162127494812012
0.25394296646118164
0.22162127494812012
0.25394296646118164
0.22162127494812012
0.25394296646118164
0.22162127494812012
0.25394296646118164
0.22162127494812012
0.25394296646118164
0.22162127494812012
0.25394296646118164
0.22162127494812012
0.25394296646118164
0.8963091373443604
0.22162127494812012
0.25394296646118164
0.8963091373443604
0.22162127494812012
0.25394296646118164
0.8963091373443604
0.22162127494812012
0.25394296646118164
0.8963091373443604
0.22162127494812012
0.25394296646118164
0.8963091373443604
0.22162127494812012
0.25394296646118164
0.8963091373443604
0.22162127494812012
0.25394296646118164
0.8963091373443604