0.16902828216552734
0.16134953498840332
0.20224618911743164
0.2562220096588135
0.17675518989562988
0.15120792388916016
0.17827200889587402
0.16249561309814453
0.17694640159606934
0.16453266143798828
0.19840431213378906
0.1860058307647705
0.16400480270385742
0.16329622268676758
0.16224455833435059
0.22195124626159668
0.18950963020324707
0.1529836654663086
0.17319655418395996
0.19519424438476562
0.14339017868041992
0.2369065284729004
0.19070029258728027
0.1980762481689453
0.17958760261535645
0.23949694633483887
0.16878008842468262
0.17517781257629395
0.2058262825012207
0.17560338973999023