0.25302696228027344
0.25302696228027344
0.25302696228027344
0.27090001106262207
0.25302696228027344
0.27090001106262207
0.238936185836792
0.25302696228027344
0.27090001106262207
0.238936185836792
0.25302696228027344
0.27090001106262207
0.238936185836792
0.23134970664978027
0.25302696228027344
0.27090001106262207
0.238936185836792
0.23134970664978027
0.25302696228027344
0.27090001106262207
0.238936185836792
0.23134970664978027
0.25302696228027344
0.27090001106262207
0.238936185836792
0.23134970664978027
0.25302696228027344
0.27090001106262207
0.238936185836792
0.23134970664978027
0.30275440216064453
0.25302696228027344
0.27090001106262207
0.238936185836792
0.23134970664978027
0.30275440216064453
0.25302696228027344
0.27090001106262207
0.238936185836792
0.23134970664978027
0.30275440216064453
0.16709685325622559
0.25302696228027344
0.27090001106262207
0.238936185836792
0.23134970664978027
0.30275440216064453
0.16709685325622559
0.25302696228027344
0.27090001106262207
0.238936185836792
0.23134970664978027
0.30275440216064453
0.16709685325622559
0.25302696228027344
0.27090001106262207
0.238936185836792
0.23134970664978027
0.30275440216064453
0.16709685325622559
0.25302696228027344
0.27090001106262207
0.238936185836792
0.23134970664978027
0.30275440216064453
0.16709685325622559
0.2069382667541504
0.25302696228027344
0.27090001106262207
0.238936185836792
0.23134970664978027
0.30275440216064453
0.16709685325622559
0.2069382667541504
0.25302696228027344
0.27090001106262207
0.238936185836792
0.23134970664978027
0.30275440216064453
0.16709685325622559
0.2069382667541504
0.25302696228027344
0.27090001106262207
0.238936185836792
0.23134970664978027
0.30275440216064453
0.16709685325622559
0.2069382667541504
0.17527270317077637
0.25302696228027344
0.27090001106262207
0.238936185836792
0.23134970664978027
0.30275440216064453
0.16709685325622559
0.2069382667541504
0.17527270317077637
0.25302696228027344
0.27090001106262207
0.238936185836792
0.23134970664978027
0.30275440216064453
0.16709685325622559
0.2069382667541504
0.17527270317077637
0.25302696228027344
0.27090001106262207
0.238936185836792
0.23134970664978027
0.30275440216064453
0.16709685325622559
0.2069382667541504
0.17527270317077637
0.29509758949279785
0.25302696228027344
0.27090001106262207
0.238936185836792
0.23134970664978027
0.30275440216064453
0.16709685325622559
0.2069382667541504
0.17527270317077637
0.29509758949279785
0.25302696228027344
0.27090001106262207
0.238936185836792
0.23134970664978027
0.30275440216064453
0.16709685325622559
0.2069382667541504
0.17527270317077637
0.29509758949279785
0.25302696228027344
0.27090001106262207
0.238936185836792
0.23134970664978027
0.30275440216064453
0.16709685325622559
0.2069382667541504
0.17527270317077637
0.29509758949279785
0.25302696228027344
0.27090001106262207
0.238936185836792
0.23134970664978027
0.30275440216064453
0.16709685325622559
0.2069382667541504
0.17527270317077637
0.29509758949279785
0.25302696228027344
0.27090001106262207
0.238936185836792
0.23134970664978027
0.30275440216064453
0.16709685325622559
0.2069382667541504
0.17527270317077637
0.29509758949279785
0.25302696228027344
0.27090001106262207
0.238936185836792
0.23134970664978027
0.30275440216064453
0.16709685325622559
0.2069382667541504
0.17527270317077637
0.29509758949279785