0.2068188190460205
0.2068188190460205
0.23682045936584473
0.2068188190460205
0.23682045936584473
0.2068188190460205
0.23682045936584473
0.2068188190460205
0.23682045936584473
0.2068188190460205
0.23682045936584473
0.2068188190460205
0.23682045936584473
0.2068188190460205
0.23682045936584473
0.2068188190460205
0.23682045936584473
0.2068188190460205
0.23682045936584473
0.2068188190460205
0.23682045936584473
0.2068188190460205
0.23682045936584473
0.2068188190460205
0.23682045936584473
0.2068188190460205
0.23682045936584473
0.2068188190460205
0.23682045936584473
0.2068188190460205
0.23682045936584473
0.2068188190460205
0.23682045936584473
0.2068188190460205
0.23682045936584473
0.2068188190460205
0.23682045936584473
0.2068188190460205
0.23682045936584473
0.2068188190460205
0.23682045936584473
0.2068188190460205
0.23682045936584473
0.2068188190460205
0.23682045936584473
0.2068188190460205
0.23682045936584473
0.2068188190460205
0.23682045936584473
0.2068188190460205
0.23682045936584473
0.2068188190460205
0.23682045936584473
0.2068188190460205
0.23682045936584473
0.2068188190460205
0.23682045936584473
0.2068188190460205
0.23682045936584473