0.12622332572937012
0.12622332572937012
0.12622332572937012
0.12622332572937012
0.09448480606079102
0.12622332572937012
0.09448480606079102
0.12622332572937012
0.09448480606079102
0.12622332572937012
0.09448480606079102
0.1265869140625
0.12622332572937012
0.09448480606079102
0.1265869140625
0.12622332572937012
0.09448480606079102
0.1265869140625
0.12622332572937012
0.09448480606079102
0.1265869140625
0.12622332572937012
0.09448480606079102
0.1265869140625
0.12622332572937012
0.09448480606079102
0.1265869140625
0.12622332572937012
0.09448480606079102
0.1265869140625
0.12622332572937012
0.09448480606079102
0.1265869140625
0.12622332572937012
0.09448480606079102
0.1265869140625
0.12622332572937012
0.09448480606079102
0.1265869140625
0.12622332572937012
0.09448480606079102
0.1265869140625
0.12622332572937012
0.09448480606079102
0.1265869140625
0.12622332572937012
0.09448480606079102
0.1265869140625
0.12622332572937012
0.09448480606079102
0.1265869140625
0.12622332572937012
0.09448480606079102
0.1265869140625
0.1262977123260498
0.12622332572937012
0.09448480606079102
0.1265869140625
0.1262977123260498
0.12622332572937012
0.09448480606079102
0.1265869140625
0.1262977123260498
0.12622332572937012
0.09448480606079102
0.1265869140625
0.1262977123260498
0.12622332572937012
0.09448480606079102
0.1265869140625
0.1262977123260498