0.19345331192016602
0.22875618934631348
0.19821643829345703
0.17405319213867188
0.21208429336547852
0.27432918548583984
0.2752857208251953
0.27254605293273926
0.18668746948242188
0.28302788734436035
0.20408177375793457
0.39122891426086426
0.27303624153137207
0.16730332374572754
0.16299819946289062
0.18192052841186523
0.14996886253356934
0.18239402770996094
0.16134119033813477
0.1832411289215088
0.13748383522033691
0.26102280616760254
0.13196969032287598
0.16456055641174316
0.29755544662475586
0.2256159782409668
0.18922805786132812
0.25150036811828613
0.19337725639343262
0.15776705741882324
0.20988059043884277