0.276796817779541
0.276796817779541
0.276796817779541
0.276796817779541
0.276796817779541
0.276796817779541
0.276796817779541
0.276796817779541
0.276796817779541
0.276796817779541
0.276796817779541
0.276796817779541
0.276796817779541
0.24529623985290527
0.276796817779541
0.24529623985290527
0.276796817779541
0.24529623985290527
0.276796817779541
0.24529623985290527
0.276796817779541
0.24529623985290527
0.276796817779541
0.24529623985290527
0.276796817779541
0.24529623985290527
0.276796817779541
0.24529623985290527
0.404651403427124
0.276796817779541
0.24529623985290527
0.404651403427124
0.276796817779541
0.24529623985290527
0.404651403427124
0.276796817779541
0.24529623985290527
0.404651403427124
0.276796817779541
0.24529623985290527
0.404651403427124
0.276796817779541
0.24529623985290527
0.404651403427124
0.276796817779541
0.24529623985290527
0.404651403427124
0.276796817779541
0.24529623985290527
0.404651403427124
0.276796817779541
0.24529623985290527
0.404651403427124
0.276796817779541
0.24529623985290527
0.404651403427124
0.276796817779541
0.24529623985290527
0.404651403427124
0.276796817779541
0.24529623985290527
0.404651403427124