0.35468411445617676
0.35468411445617676
0.35468411445617676
0.35468411445617676
0.35468411445617676
0.35468411445617676
0.35468411445617676
0.35468411445617676
0.35468411445617676
0.35468411445617676
0.35468411445617676
0.35468411445617676
0.35468411445617676
0.35468411445617676
0.2750420570373535
0.35468411445617676
0.2750420570373535
0.27495336532592773
0.35468411445617676
0.2750420570373535
0.27495336532592773
0.35468411445617676
0.2750420570373535
0.27495336532592773
0.35468411445617676
0.2750420570373535
0.27495336532592773
0.35468411445617676
0.2750420570373535
0.27495336532592773
0.35468411445617676
0.2750420570373535
0.27495336532592773
0.35468411445617676
0.2750420570373535
0.27495336532592773
0.35468411445617676
0.2750420570373535
0.27495336532592773