0.5551426410675049
0.5551426410675049
0.5551426410675049
0.5551426410675049
0.44333910942077637
0.3067493438720703
0.5551426410675049
0.44333910942077637
0.3067493438720703
0.5551426410675049
0.44333910942077637
0.3067493438720703
0.5551426410675049
0.44333910942077637
0.3067493438720703
0.5551426410675049
0.44333910942077637
0.3067493438720703
0.5551426410675049
0.44333910942077637
0.3067493438720703
0.5551426410675049
0.44333910942077637
0.3067493438720703
0.5551426410675049
0.44333910942077637
0.3067493438720703
0.5551426410675049
0.44333910942077637
0.3067493438720703
0.9459834098815918
0.5551426410675049
0.44333910942077637
0.3067493438720703
0.9459834098815918
0.5551426410675049
0.44333910942077637
0.3067493438720703
0.9459834098815918
0.41176819801330566
0.5551426410675049
0.44333910942077637
0.3067493438720703
0.9459834098815918
0.41176819801330566
0.5551426410675049
0.44333910942077637
0.3067493438720703
0.9459834098815918
0.41176819801330566
0.27472972869873047
0.5551426410675049
0.44333910942077637
0.3067493438720703
0.9459834098815918
0.41176819801330566
0.27472972869873047
0.5551426410675049
0.44333910942077637
0.3067493438720703
0.9459834098815918
0.41176819801330566
0.27472972869873047
0.5551426410675049
0.44333910942077637
0.3067493438720703
0.9459834098815918
0.41176819801330566
0.27472972869873047
0.5551426410675049
0.44333910942077637
0.3067493438720703
0.9459834098815918
0.41176819801330566
0.27472972869873047
0.8748090267181396