0.2971460819244385
0.23913931846618652
0.2586703300476074
0.269716739654541
0.2615776062011719
0.22397780418395996
0.2760140895843506
0.24086236953735352
0.2909250259399414
0.24394488334655762
0.26578426361083984
0.26599931716918945
0.24753856658935547
0.2543914318084717
0.2846524715423584
0.328977108001709
0.27956724166870117
0.2726588249206543
0.2931029796600342
0.21978020668029785
0.2751128673553467
0.2711014747619629
0.27478480339050293
0.2564699649810791
0.2856268882751465
0.30033087730407715