0.308274507522583
0.308274507522583
0.308274507522583
0.300217866897583
0.308274507522583
0.300217866897583
0.308274507522583
0.300217866897583
0.308274507522583
0.300217866897583
0.308274507522583
0.300217866897583
0.308274507522583
0.300217866897583
0.308274507522583
0.300217866897583
0.308274507522583
0.300217866897583
0.308274507522583
0.300217866897583
0.308274507522583
0.300217866897583
0.308274507522583
0.300217866897583
0.308274507522583
0.300217866897583
0.308274507522583
0.300217866897583
0.308274507522583
0.300217866897583
0.308274507522583
0.300217866897583
0.308274507522583
0.300217866897583
0.308274507522583
0.300217866897583
0.308274507522583
0.300217866897583
0.308274507522583
0.300217866897583
0.308274507522583
0.300217866897583