0.2327568531036377
0.2579984664916992
0.2985413074493408
0.4354264736175537
0.2969329357147217
0.3250908851623535
0.29471850395202637
0.2730281352996826
0.3390157222747803
0.28479599952697754
0.31337404251098633
0.34656548500061035
0.29778552055358887
0.3823566436767578
0.2240595817565918
0.4100618362426758
0.29082775115966797
0.4655008316040039
0.2651481628417969
0.27197837829589844
0.3032870292663574
0.3276698589324951
0.4782581329345703
0.2888801097869873
0.25629591941833496
0.48262596130371094
0.2850074768066406
0.31836771965026855
0.5890259742736816
0.5060973167419434
0.33307862281799316
0.32656145095825195