0.580538272857666
0.580538272857666
0.580538272857666
0.580538272857666
0.580538272857666
0.580538272857666
0.580538272857666
0.580538272857666
0.580538272857666
0.46893310546875
0.4527885913848877
0.580538272857666
0.46893310546875
0.4527885913848877
0.580538272857666
0.46893310546875
0.4527885913848877
0.580538272857666
0.46893310546875
0.4527885913848877
0.580538272857666
0.46893310546875
0.4527885913848877
0.580538272857666
0.46893310546875
0.4527885913848877
0.580538272857666
0.46893310546875
0.4527885913848877