0.6682727336883545
0.6682727336883545
0.6682727336883545
0.6682727336883545
0.6682727336883545
0.6682727336883545
0.6682727336883545
0.6682727336883545
0.6682727336883545
1.8171908855438232
0.6682727336883545
1.8171908855438232
0.6682727336883545
1.8171908855438232
0.6682727336883545
1.8171908855438232
0.6682727336883545
1.8171908855438232
0.6682727336883545
1.8171908855438232
0.6682727336883545
1.8171908855438232
0.6682727336883545
1.8171908855438232
0.6682727336883545
1.8171908855438232
0.6682727336883545
1.8171908855438232
0.6682727336883545
1.8171908855438232
0.6682727336883545
1.8171908855438232
0.6682727336883545
1.8171908855438232
0.6682727336883545
1.8171908855438232
0.6682727336883545
1.8171908855438232
0.6682727336883545
1.8171908855438232
0.6682727336883545
1.8171908855438232
0.6682727336883545
1.8171908855438232
0.6682727336883545
1.8171908855438232
0.6682727336883545
1.8171908855438232
0.6682727336883545
1.8171908855438232