0.1580042839050293
0.1580042839050293
0.17060279846191406
0.1580042839050293
0.17060279846191406
0.21087932586669922
0.1580042839050293
0.17060279846191406
0.21087932586669922
0.2701687812805176
0.1580042839050293
0.17060279846191406
0.21087932586669922
0.2701687812805176
0.27097654342651367
0.1580042839050293
0.17060279846191406
0.21087932586669922
0.2701687812805176
0.27097654342651367
0.27082300186157227
0.1580042839050293
0.17060279846191406
0.21087932586669922
0.2701687812805176
0.27097654342651367
0.27082300186157227
0.1580042839050293
0.17060279846191406
0.21087932586669922
0.2701687812805176
0.27097654342651367
0.27082300186157227
0.27787303924560547
0.2789595127105713
0.1580042839050293
0.17060279846191406
0.21087932586669922
0.2701687812805176
0.27097654342651367
0.27082300186157227
0.27787303924560547
0.2789595127105713
0.1580042839050293
0.17060279846191406
0.21087932586669922
0.2701687812805176
0.27097654342651367
0.27082300186157227
0.27787303924560547
0.2789595127105713
0.33472323417663574
0.294818639755249
0.22198748588562012
0.1580042839050293
0.17060279846191406
0.21087932586669922
0.2701687812805176
0.27097654342651367
0.27082300186157227
0.27787303924560547
0.2789595127105713
0.33472323417663574
0.294818639755249
0.22198748588562012
0.1580042839050293
0.17060279846191406
0.21087932586669922
0.2701687812805176
0.27097654342651367
0.27082300186157227
0.27787303924560547
0.2789595127105713
0.33472323417663574
0.294818639755249
0.22198748588562012
0.23895764350891113
0.1580042839050293
0.17060279846191406
0.21087932586669922
0.2701687812805176
0.27097654342651367
0.27082300186157227
0.27787303924560547
0.2789595127105713
0.33472323417663574
0.294818639755249
0.22198748588562012
0.23895764350891113
0.1580042839050293
0.17060279846191406
0.21087932586669922
0.2701687812805176
0.27097654342651367
0.27082300186157227
0.27787303924560547
0.2789595127105713
0.33472323417663574
0.294818639755249
0.22198748588562012
0.23895764350891113
0.2538001537322998
0.2311708927154541
0.1580042839050293
0.17060279846191406
0.21087932586669922
0.2701687812805176
0.27097654342651367
0.27082300186157227
0.27787303924560547
0.2789595127105713
0.33472323417663574
0.294818639755249
0.22198748588562012
0.23895764350891113
0.2538001537322998
0.2311708927154541
0.7574634552001953
0.1580042839050293
0.17060279846191406
0.21087932586669922
0.2701687812805176
0.27097654342651367
0.27082300186157227
0.27787303924560547
0.2789595127105713
0.33472323417663574
0.294818639755249
0.22198748588562012
0.23895764350891113
0.2538001537322998
0.2311708927154541
0.7574634552001953
0.3346290588378906
0.26247429847717285
0.3027629852294922
0.1580042839050293
0.17060279846191406
0.21087932586669922
0.2701687812805176
0.27097654342651367
0.27082300186157227
0.27787303924560547
0.2789595127105713
0.33472323417663574
0.294818639755249
0.22198748588562012
0.23895764350891113
0.2538001537322998
0.2311708927154541
0.7574634552001953
0.3346290588378906
0.26247429847717285
0.3027629852294922
0.22263479232788086
0.1580042839050293
0.17060279846191406
0.21087932586669922
0.2701687812805176
0.27097654342651367
0.27082300186157227
0.27787303924560547
0.2789595127105713
0.33472323417663574
0.294818639755249
0.22198748588562012
0.23895764350891113
0.2538001537322998
0.2311708927154541
0.7574634552001953
0.3346290588378906
0.26247429847717285
0.3027629852294922
0.22263479232788086
0.621884822845459
0.1580042839050293
0.17060279846191406
0.21087932586669922
0.2701687812805176
0.27097654342651367
0.27082300186157227
0.27787303924560547
0.2789595127105713
0.33472323417663574
0.294818639755249
0.22198748588562012
0.23895764350891113
0.2538001537322998
0.2311708927154541
0.7574634552001953
0.3346290588378906
0.26247429847717285
0.3027629852294922
0.22263479232788086
0.621884822845459
0.1580042839050293
0.17060279846191406
0.21087932586669922
0.2701687812805176
0.27097654342651367
0.27082300186157227
0.27787303924560547
0.2789595127105713
0.33472323417663574
0.294818639755249
0.22198748588562012
0.23895764350891113
0.2538001537322998
0.2311708927154541
0.7574634552001953
0.3346290588378906
0.26247429847717285
0.3027629852294922
0.22263479232788086
0.621884822845459
0.1580042839050293
0.17060279846191406
0.21087932586669922
0.2701687812805176
0.27097654342651367
0.27082300186157227
0.27787303924560547
0.2789595127105713
0.33472323417663574
0.294818639755249
0.22198748588562012
0.23895764350891113
0.2538001537322998
0.2311708927154541
0.7574634552001953
0.3346290588378906
0.26247429847717285
0.3027629852294922
0.22263479232788086
0.621884822845459
0.3508892059326172
0.1580042839050293
0.17060279846191406
0.21087932586669922
0.2701687812805176
0.27097654342651367
0.27082300186157227
0.27787303924560547
0.2789595127105713
0.33472323417663574
0.294818639755249
0.22198748588562012
0.23895764350891113
0.2538001537322998
0.2311708927154541
0.7574634552001953
0.3346290588378906
0.26247429847717285
0.3027629852294922
0.22263479232788086
0.621884822845459
0.3508892059326172
0.23893427848815918
0.2454390525817871
0.1580042839050293
0.17060279846191406
0.21087932586669922
0.2701687812805176
0.27097654342651367
0.27082300186157227
0.27787303924560547
0.2789595127105713
0.33472323417663574
0.294818639755249
0.22198748588562012
0.23895764350891113
0.2538001537322998
0.2311708927154541
0.7574634552001953
0.3346290588378906
0.26247429847717285
0.3027629852294922
0.22263479232788086
0.621884822845459
0.3508892059326172
0.23893427848815918
0.2454390525817871
0.2629222869873047
0.36682963371276855
0.1580042839050293
0.17060279846191406
0.21087932586669922
0.2701687812805176
0.27097654342651367
0.27082300186157227
0.27787303924560547
0.2789595127105713
0.33472323417663574
0.294818639755249
0.22198748588562012
0.23895764350891113
0.2538001537322998
0.2311708927154541
0.7574634552001953
0.3346290588378906
0.26247429847717285
0.3027629852294922
0.22263479232788086
0.621884822845459
0.3508892059326172
0.23893427848815918
0.2454390525817871
0.2629222869873047
0.36682963371276855
0.36690473556518555
0.1580042839050293
0.17060279846191406
0.21087932586669922
0.2701687812805176
0.27097654342651367
0.27082300186157227
0.27787303924560547
0.2789595127105713
0.33472323417663574
0.294818639755249
0.22198748588562012
0.23895764350891113
0.2538001537322998
0.2311708927154541
0.7574634552001953
0.3346290588378906
0.26247429847717285
0.3027629852294922
0.22263479232788086
0.621884822845459
0.3508892059326172
0.23893427848815918
0.2454390525817871
0.2629222869873047
0.36682963371276855
0.36690473556518555
0.1580042839050293
0.17060279846191406
0.21087932586669922
0.2701687812805176
0.27097654342651367
0.27082300186157227
0.27787303924560547
0.2789595127105713
0.33472323417663574
0.294818639755249
0.22198748588562012
0.23895764350891113
0.2538001537322998
0.2311708927154541
0.7574634552001953
0.3346290588378906
0.26247429847717285
0.3027629852294922
0.22263479232788086
0.621884822845459
0.3508892059326172
0.23893427848815918
0.2454390525817871
0.2629222869873047
0.36682963371276855
0.36690473556518555
0.23819923400878906
0.1580042839050293
0.17060279846191406
0.21087932586669922
0.2701687812805176
0.27097654342651367
0.27082300186157227
0.27787303924560547
0.2789595127105713
0.33472323417663574
0.294818639755249
0.22198748588562012
0.23895764350891113
0.2538001537322998
0.2311708927154541
0.7574634552001953
0.3346290588378906
0.26247429847717285
0.3027629852294922
0.22263479232788086
0.621884822845459
0.3508892059326172
0.23893427848815918
0.2454390525817871
0.2629222869873047
0.36682963371276855
0.36690473556518555
0.23819923400878906
0.1580042839050293
0.17060279846191406
0.21087932586669922
0.2701687812805176
0.27097654342651367
0.27082300186157227
0.27787303924560547
0.2789595127105713
0.33472323417663574
0.294818639755249
0.22198748588562012
0.23895764350891113
0.2538001537322998
0.2311708927154541
0.7574634552001953
0.3346290588378906
0.26247429847717285
0.3027629852294922
0.22263479232788086
0.621884822845459
0.3508892059326172
0.23893427848815918
0.2454390525817871
0.2629222869873047
0.36682963371276855
0.36690473556518555
0.23819923400878906
0.309978723526001
0.1580042839050293
0.17060279846191406
0.21087932586669922
0.2701687812805176
0.27097654342651367
0.27082300186157227
0.27787303924560547
0.2789595127105713
0.33472323417663574
0.294818639755249
0.22198748588562012
0.23895764350891113
0.2538001537322998
0.2311708927154541
0.7574634552001953
0.3346290588378906
0.26247429847717285
0.3027629852294922
0.22263479232788086
0.621884822845459
0.3508892059326172
0.23893427848815918
0.2454390525817871
0.2629222869873047
0.36682963371276855
0.36690473556518555
0.23819923400878906
0.309978723526001
0.1580042839050293
0.17060279846191406
0.21087932586669922
0.2701687812805176
0.27097654342651367
0.27082300186157227
0.27787303924560547
0.2789595127105713
0.33472323417663574
0.294818639755249
0.22198748588562012
0.23895764350891113
0.2538001537322998
0.2311708927154541
0.7574634552001953
0.3346290588378906
0.26247429847717285
0.3027629852294922
0.22263479232788086
0.621884822845459
0.3508892059326172
0.23893427848815918
0.2454390525817871
0.2629222869873047
0.36682963371276855
0.36690473556518555
0.23819923400878906
0.309978723526001
0.26291847229003906
0.3020598888397217
0.1580042839050293
0.17060279846191406
0.21087932586669922
0.2701687812805176
0.27097654342651367
0.27082300186157227
0.27787303924560547
0.2789595127105713
0.33472323417663574
0.294818639755249
0.22198748588562012
0.23895764350891113
0.2538001537322998
0.2311708927154541
0.7574634552001953
0.3346290588378906
0.26247429847717285
0.3027629852294922
0.22263479232788086
0.621884822845459
0.3508892059326172
0.23893427848815918
0.2454390525817871
0.2629222869873047
0.36682963371276855
0.36690473556518555
0.23819923400878906
0.309978723526001
0.26291847229003906
0.3020598888397217