0.2659001350402832
0.14936447143554688
0.22045230865478516
0.21295690536499023
0.15525388717651367
0.194227933883667
0.2696094512939453
0.17412734031677246
0.22137856483459473
0.14163732528686523
0.14218902587890625
0.21001601219177246
0.18318819999694824
0.20099449157714844
0.18151473999023438
0.16822409629821777
0.22116875648498535
0.16410231590270996
0.23690581321716309
0.20135068893432617
0.18579769134521484
0.18303298950195312
0.21011924743652344
0.16341018676757812
0.30037522315979004
0.15198612213134766
0.24216723442077637
0.18014240264892578
0.13878965377807617
0.21677422523498535
0.19645977020263672
0.21493244171142578
0.19320058822631836
0.18697404861450195
0.19403624534606934
0.19099664688110352
0.1810011863708496
0.18053627014160156
0.17407703399658203
0.14378118515014648
0.21494269371032715
0.1805553436279297
0.2413320541381836
0.2149181365966797
0.17618203163146973
0.1555039882659912
0.16725468635559082
0.1861865520477295
0.17580342292785645
0.1891326904296875
0.1567685604095459
0.20389914512634277
0.1542823314666748
0.1348562240600586
0.2385706901550293
0.18326282501220703
0.2306807041168213