0.20413708686828613
0.20413708686828613
0.20413708686828613
0.2131199836730957
0.20413708686828613
0.2131199836730957
0.20413708686828613
0.2131199836730957
0.17994284629821777
0.20413708686828613
0.2131199836730957
0.17994284629821777
0.22151851654052734
0.20413708686828613
0.2131199836730957
0.17994284629821777
0.22151851654052734
0.20413708686828613
0.2131199836730957
0.17994284629821777
0.22151851654052734
0.20413708686828613
0.2131199836730957
0.17994284629821777
0.22151851654052734
0.20413708686828613
0.2131199836730957
0.17994284629821777
0.22151851654052734
0.20413708686828613
0.2131199836730957
0.17994284629821777
0.22151851654052734
0.20413708686828613
0.2131199836730957
0.17994284629821777
0.22151851654052734
0.20413708686828613
0.2131199836730957
0.17994284629821777
0.22151851654052734
0.20413708686828613
0.2131199836730957
0.17994284629821777
0.22151851654052734
0.20413708686828613
0.2131199836730957
0.17994284629821777
0.22151851654052734
0.20413708686828613
0.2131199836730957
0.17994284629821777
0.22151851654052734
0.20413708686828613
0.2131199836730957
0.17994284629821777
0.22151851654052734
0.20413708686828613
0.2131199836730957
0.17994284629821777
0.22151851654052734
0.20413708686828613
0.2131199836730957
0.17994284629821777
0.22151851654052734
0.20413708686828613
0.2131199836730957
0.17994284629821777
0.22151851654052734
0.20413708686828613
0.2131199836730957
0.17994284629821777
0.22151851654052734
0.16430974006652832
0.20413708686828613
0.2131199836730957
0.17994284629821777
0.22151851654052734
0.16430974006652832
0.20413708686828613
0.2131199836730957
0.17994284629821777
0.22151851654052734
0.16430974006652832
0.20413708686828613
0.2131199836730957
0.17994284629821777
0.22151851654052734
0.16430974006652832
0.13236689567565918
0.20413708686828613
0.2131199836730957
0.17994284629821777
0.22151851654052734
0.16430974006652832
0.13236689567565918
0.20413708686828613
0.2131199836730957
0.17994284629821777
0.22151851654052734
0.16430974006652832
0.13236689567565918
0.20413708686828613
0.2131199836730957
0.17994284629821777
0.22151851654052734
0.16430974006652832
0.13236689567565918
0.20512795448303223
0.20413708686828613
0.2131199836730957
0.17994284629821777
0.22151851654052734
0.16430974006652832
0.13236689567565918
0.20512795448303223
0.20454812049865723
0.20413708686828613
0.2131199836730957
0.17994284629821777
0.22151851654052734
0.16430974006652832
0.13236689567565918
0.20512795448303223
0.20454812049865723
0.1493840217590332