0.17661714553833008
0.1914050579071045
0.22601819038391113
0.19713997840881348
0.19089007377624512
0.2625863552093506
0.2326951026916504
0.2550530433654785
0.17528533935546875
0.27033424377441406
0.4745926856994629
0.49692702293395996
0.26012706756591797
0.22458195686340332
0.19104433059692383
0.23580121994018555
0.23231244087219238
0.18419957160949707
0.20159459114074707
0.2130298614501953
0.23068618774414062
0.21856379508972168
0.20917820930480957
0.2602224349975586
0.19482970237731934
0.2146625518798828
0.2630281448364258
0.2014026641845703
0.25505852699279785
0.18783211708068848
0.2220454216003418
0.16405510902404785
0.2690589427947998
0.3008451461791992
0.239288330078125
0.20499920845031738
0.26015162467956543
0.24593186378479004
0.20526838302612305
0.3529932498931885
0.19737744331359863
0.2700307369232178
0.17505478858947754
0.26262402534484863
0.19286465644836426
0.25667715072631836
0.22202610969543457
0.2547454833984375
0.2883293628692627
0.24159812927246094
0.24185919761657715
0.24450349807739258
0.2568397521972656
0.41591644287109375
0.18297863006591797
0.1713728904724121
0.2093813419342041
0.2241971492767334
0.2149641513824463
0.22571086883544922