0.3627157211303711
0.3627157211303711
0.3627157211303711
0.3627157211303711
0.3627157211303711
0.4098358154296875
0.3627157211303711
0.4098358154296875
0.3627157211303711
0.4098358154296875
0.3627157211303711
0.4098358154296875
0.3627157211303711
0.4098358154296875
0.4026920795440674
0.3627157211303711
0.4098358154296875
0.4026920795440674
0.43448662757873535
0.3864145278930664
0.3627157211303711
0.4098358154296875
0.4026920795440674
0.43448662757873535
0.3864145278930664
0.3627157211303711
0.4098358154296875
0.4026920795440674
0.43448662757873535
0.3864145278930664
0.3627157211303711
0.4098358154296875
0.4026920795440674
0.43448662757873535
0.3864145278930664
0.3627157211303711
0.4098358154296875
0.4026920795440674
0.43448662757873535
0.3864145278930664
0.3627157211303711
0.4098358154296875
0.4026920795440674
0.43448662757873535
0.3864145278930664
0.3627157211303711
0.4098358154296875
0.4026920795440674
0.43448662757873535
0.3864145278930664
0.3627157211303711
0.4098358154296875
0.4026920795440674
0.43448662757873535
0.3864145278930664
0.3627157211303711
0.4098358154296875
0.4026920795440674
0.43448662757873535
0.3864145278930664