0.3762650489807129
0.37506961822509766
0.5439858436584473
0.2897453308105469
0.45453906059265137
0.3578052520751953
0.5793602466583252
0.2983400821685791
0.3208308219909668
0.23595833778381348
0.3939378261566162
0.3511829376220703
0.3453505039215088
0.33807826042175293
0.20496773719787598
0.5345327854156494
0.3780543804168701
0.3188362121582031
0.2891991138458252
0.5399899482727051
0.22870206832885742
0.2869691848754883
0.26927924156188965
0.3421645164489746
0.46947312355041504
0.20592927932739258
0.3664083480834961
0.5071983337402344
0.2443985939025879
0.249253511428833
0.38795018196105957
0.23819255828857422
0.26192259788513184
0.2591402530670166
0.22506475448608398
0.5069246292114258
0.4578897953033447
0.2714498043060303
0.39999866485595703
0.2685391902923584
0.5990118980407715
0.21035456657409668
0.3153104782104492
0.2993321418762207
0.2664816379547119
0.23624944686889648
0.3262054920196533
0.26076269149780273
0.29187607765197754
0.6425352096557617
0.29822206497192383
0.2622256278991699
0.22833871841430664
0.26919984817504883
0.40248537063598633
0.4056260585784912
0.26399850845336914
0.4152493476867676
0.31035804748535156
0.22778940200805664
0.38404369354248047
0.2721059322357178
0.2174539566040039
0.38498926162719727
0.32200193405151367