0.3715782165527344
0.2849125862121582
0.2819035053253174
0.2656733989715576
0.40971851348876953
0.29383277893066406
0.2918217182159424
0.31665539741516113
0.3139309883117676
0.31874752044677734
0.2884056568145752
0.3310263156890869
0.2593095302581787
0.3251197338104248
0.3152790069580078
0.36488771438598633
0.2704284191131592
0.28116512298583984
0.5397520065307617
0.3585348129272461
0.4240610599517822
0.3868529796600342
0.505481481552124
0.5230269432067871
0.485898494720459
0.2978997230529785
0.33780550956726074
0.455639123916626
0.2882835865020752
0.2870330810546875
0.3120572566986084
0.28258585929870605
0.3220095634460449
0.4040193557739258
0.5549149513244629
0.384124755859375
0.4205291271209717
0.33311033248901367
0.266892671585083
0.2869744300842285
0.30997467041015625
0.2746615409851074
0.47736668586730957
0.28845643997192383
0.3346412181854248
0.30141353607177734