0.3637387752532959
0.3322300910949707
0.4038207530975342
0.3637387752532959
0.3322300910949707
0.4038207530975342
0.3637387752532959
0.3322300910949707
0.4038207530975342
0.7148568630218506
0.3637387752532959
0.3322300910949707
0.4038207530975342
0.7148568630218506
0.28414034843444824
0.3637387752532959
0.3322300910949707
0.4038207530975342
0.7148568630218506
0.28414034843444824
0.3637387752532959
0.3322300910949707
0.4038207530975342
0.7148568630218506
0.28414034843444824
0.3637387752532959
0.3322300910949707
0.4038207530975342
0.7148568630218506
0.28414034843444824
0.3637387752532959
0.3322300910949707
0.4038207530975342
0.7148568630218506
0.28414034843444824
0.24647974967956543
0.22833919525146484
0.3637387752532959
0.3322300910949707
0.4038207530975342
0.7148568630218506
0.28414034843444824
0.24647974967956543
0.22833919525146484
0.3637387752532959
0.3322300910949707
0.4038207530975342
0.7148568630218506
0.28414034843444824
0.24647974967956543
0.22833919525146484
0.3637387752532959
0.3322300910949707
0.4038207530975342
0.7148568630218506
0.28414034843444824
0.24647974967956543
0.22833919525146484
0.37900781631469727
0.3637387752532959
0.3322300910949707
0.4038207530975342
0.7148568630218506
0.28414034843444824
0.24647974967956543
0.22833919525146484
0.37900781631469727
0.3637387752532959
0.3322300910949707
0.4038207530975342
0.7148568630218506
0.28414034843444824
0.24647974967956543
0.22833919525146484
0.37900781631469727
0.3637387752532959
0.3322300910949707
0.4038207530975342
0.7148568630218506
0.28414034843444824
0.24647974967956543
0.22833919525146484
0.37900781631469727
0.3637387752532959
0.3322300910949707
0.4038207530975342
0.7148568630218506
0.28414034843444824
0.24647974967956543
0.22833919525146484
0.37900781631469727
0.3637387752532959
0.3322300910949707
0.4038207530975342
0.7148568630218506
0.28414034843444824
0.24647974967956543
0.22833919525146484
0.37900781631469727
0.3637387752532959
0.3322300910949707
0.4038207530975342
0.7148568630218506
0.28414034843444824
0.24647974967956543
0.22833919525146484
0.37900781631469727
0.27640700340270996
0.23633790016174316
0.3637387752532959
0.3322300910949707
0.4038207530975342
0.7148568630218506
0.28414034843444824
0.24647974967956543
0.22833919525146484
0.37900781631469727
0.27640700340270996
0.23633790016174316
0.31624722480773926
0.3637387752532959
0.3322300910949707
0.4038207530975342
0.7148568630218506
0.28414034843444824
0.24647974967956543
0.22833919525146484
0.37900781631469727
0.27640700340270996
0.23633790016174316
0.31624722480773926
0.3637387752532959
0.3322300910949707
0.4038207530975342
0.7148568630218506
0.28414034843444824
0.24647974967956543
0.22833919525146484
0.37900781631469727
0.27640700340270996
0.23633790016174316
0.31624722480773926
0.4203639030456543
0.3637387752532959
0.3322300910949707
0.4038207530975342
0.7148568630218506
0.28414034843444824
0.24647974967956543
0.22833919525146484
0.37900781631469727
0.27640700340270996
0.23633790016174316
0.31624722480773926
0.4203639030456543
0.3007993698120117
0.28468894958496094
0.3637387752532959
0.3322300910949707
0.4038207530975342
0.7148568630218506
0.28414034843444824
0.24647974967956543
0.22833919525146484
0.37900781631469727
0.27640700340270996
0.23633790016174316
0.31624722480773926
0.4203639030456543
0.3007993698120117
0.28468894958496094
0.2835714817047119
0.22883844375610352
0.3637387752532959
0.3322300910949707
0.4038207530975342
0.7148568630218506
0.28414034843444824
0.24647974967956543
0.22833919525146484
0.37900781631469727
0.27640700340270996
0.23633790016174316
0.31624722480773926
0.4203639030456543
0.3007993698120117
0.28468894958496094
0.2835714817047119
0.22883844375610352
0.3637387752532959
0.3322300910949707
0.4038207530975342
0.7148568630218506
0.28414034843444824
0.24647974967956543
0.22833919525146484
0.37900781631469727
0.27640700340270996
0.23633790016174316
0.31624722480773926
0.4203639030456543
0.3007993698120117
0.28468894958496094
0.2835714817047119
0.22883844375610352
0.22067880630493164
0.3637387752532959
0.3322300910949707
0.4038207530975342
0.7148568630218506
0.28414034843444824
0.24647974967956543
0.22833919525146484
0.37900781631469727
0.27640700340270996
0.23633790016174316
0.31624722480773926
0.4203639030456543
0.3007993698120117
0.28468894958496094
0.2835714817047119
0.22883844375610352
0.22067880630493164
0.2687375545501709
0.3637387752532959
0.3322300910949707
0.4038207530975342
0.7148568630218506
0.28414034843444824
0.24647974967956543
0.22833919525146484
0.37900781631469727
0.27640700340270996
0.23633790016174316
0.31624722480773926
0.4203639030456543
0.3007993698120117
0.28468894958496094
0.2835714817047119
0.22883844375610352
0.22067880630493164
0.2687375545501709
0.284512996673584
0.3637387752532959
0.3322300910949707
0.4038207530975342
0.7148568630218506
0.28414034843444824
0.24647974967956543
0.22833919525146484
0.37900781631469727
0.27640700340270996
0.23633790016174316
0.31624722480773926
0.4203639030456543
0.3007993698120117
0.28468894958496094
0.2835714817047119
0.22883844375610352
0.22067880630493164
0.2687375545501709
0.284512996673584
0.300473690032959
0.3637387752532959
0.3322300910949707
0.4038207530975342
0.7148568630218506
0.28414034843444824
0.24647974967956543
0.22833919525146484
0.37900781631469727
0.27640700340270996
0.23633790016174316
0.31624722480773926
0.4203639030456543
0.3007993698120117
0.28468894958496094
0.2835714817047119
0.22883844375610352
0.22067880630493164
0.2687375545501709
0.284512996673584
0.300473690032959