0.3087496757507324
0.3087496757507324
0.2527608871459961
0.3087496757507324
0.2527608871459961
0.3087496757507324
0.2527608871459961
0.3087496757507324
0.2527608871459961
0.3087496757507324
0.2527608871459961
0.3087496757507324
0.2527608871459961
0.3087496757507324
0.2527608871459961
0.3087496757507324
0.2527608871459961
0.3087496757507324
0.2527608871459961
0.21299195289611816
0.3087496757507324
0.2527608871459961
0.21299195289611816
0.3087496757507324
0.2527608871459961
0.21299195289611816
0.28418946266174316
0.3087496757507324
0.2527608871459961
0.21299195289611816
0.28418946266174316
0.22054171562194824
0.3087496757507324
0.2527608871459961
0.21299195289611816
0.28418946266174316
0.22054171562194824
0.23711943626403809
0.3087496757507324
0.2527608871459961
0.21299195289611816
0.28418946266174316
0.22054171562194824
0.23711943626403809
0.3087496757507324
0.2527608871459961
0.21299195289611816
0.28418946266174316
0.22054171562194824
0.23711943626403809
0.26137304306030273
0.3087496757507324
0.2527608871459961
0.21299195289611816
0.28418946266174316
0.22054171562194824
0.23711943626403809
0.26137304306030273
0.3087496757507324
0.2527608871459961
0.21299195289611816
0.28418946266174316
0.22054171562194824
0.23711943626403809
0.26137304306030273
0.3087496757507324
0.2527608871459961
0.21299195289611816
0.28418946266174316
0.22054171562194824
0.23711943626403809
0.26137304306030273
0.3087496757507324
0.2527608871459961
0.21299195289611816
0.28418946266174316
0.22054171562194824
0.23711943626403809
0.26137304306030273
0.3087496757507324
0.2527608871459961
0.21299195289611816
0.28418946266174316
0.22054171562194824
0.23711943626403809
0.26137304306030273
0.3087496757507324
0.2527608871459961
0.21299195289611816
0.28418946266174316
0.22054171562194824
0.23711943626403809
0.26137304306030273
0.3087496757507324
0.2527608871459961
0.21299195289611816
0.28418946266174316
0.22054171562194824
0.23711943626403809
0.26137304306030273
0.3087496757507324
0.2527608871459961
0.21299195289611816
0.28418946266174316
0.22054171562194824
0.23711943626403809
0.26137304306030273
0.3087496757507324
0.2527608871459961
0.21299195289611816
0.28418946266174316
0.22054171562194824
0.23711943626403809
0.26137304306030273
0.3087496757507324
0.2527608871459961
0.21299195289611816
0.28418946266174316
0.22054171562194824
0.23711943626403809
0.26137304306030273