0.17833471298217773
0.17833471298217773
0.17833471298217773
0.17833471298217773
0.17833471298217773
0.17833471298217773
0.17833471298217773
0.17833471298217773
0.17833471298217773
0.17833471298217773
0.17833471298217773
0.17833471298217773
0.17849063873291016
0.17833471298217773
0.17849063873291016
0.17833471298217773
0.17849063873291016
0.21054792404174805
0.17833471298217773
0.17849063873291016
0.21054792404174805
0.17833471298217773
0.17849063873291016
0.21054792404174805
0.17833471298217773
0.17849063873291016
0.21054792404174805
0.17833471298217773
0.17849063873291016
0.21054792404174805
0.17833471298217773
0.17849063873291016
0.21054792404174805
0.17833471298217773
0.17849063873291016
0.21054792404174805
0.18678021430969238
0.17833471298217773
0.17849063873291016
0.21054792404174805
0.18678021430969238
0.17833471298217773
0.17849063873291016
0.21054792404174805
0.18678021430969238
0.17833471298217773
0.17849063873291016
0.21054792404174805
0.18678021430969238
0.17833471298217773
0.17849063873291016
0.21054792404174805
0.18678021430969238
0.17833471298217773
0.17849063873291016
0.21054792404174805
0.18678021430969238
0.17833471298217773
0.17849063873291016
0.21054792404174805
0.18678021430969238
0.17833471298217773
0.17849063873291016
0.21054792404174805
0.18678021430969238