0.17201900482177734
0.17201900482177734
0.17201900482177734
0.17201900482177734
0.1875920295715332
0.17201900482177734
0.1875920295715332
0.17201900482177734
0.1875920295715332
0.17201900482177734
0.1875920295715332
0.17201900482177734
0.1875920295715332
0.187727689743042
0.17201900482177734
0.1875920295715332
0.187727689743042
0.1797475814819336
1.088536262512207
0.17201900482177734
0.1875920295715332
0.187727689743042
0.1797475814819336
1.088536262512207
0.17201900482177734
0.1875920295715332
0.187727689743042
0.1797475814819336
1.088536262512207
0.49072694778442383
0.21963834762573242
0.17201900482177734
0.1875920295715332
0.187727689743042
0.1797475814819336
1.088536262512207
0.49072694778442383
0.21963834762573242
0.17201900482177734
0.1875920295715332
0.187727689743042
0.1797475814819336
1.088536262512207
0.49072694778442383
0.21963834762573242
0.27547144889831543
0.17201900482177734
0.1875920295715332
0.187727689743042
0.1797475814819336
1.088536262512207
0.49072694778442383
0.21963834762573242
0.27547144889831543
0.17201900482177734
0.1875920295715332
0.187727689743042
0.1797475814819336
1.088536262512207
0.49072694778442383
0.21963834762573242
0.27547144889831543
0.17201900482177734
0.1875920295715332
0.187727689743042
0.1797475814819336
1.088536262512207
0.49072694778442383
0.21963834762573242
0.27547144889831543
0.20544719696044922
0.17201900482177734
0.1875920295715332
0.187727689743042
0.1797475814819336
1.088536262512207
0.49072694778442383
0.21963834762573242
0.27547144889831543
0.20544719696044922
2.5968635082244873
0.292086124420166
0.17201900482177734
0.1875920295715332
0.187727689743042
0.1797475814819336
1.088536262512207
0.49072694778442383
0.21963834762573242
0.27547144889831543
0.20544719696044922
2.5968635082244873
0.292086124420166
0.17201900482177734
0.1875920295715332
0.187727689743042
0.1797475814819336
1.088536262512207
0.49072694778442383
0.21963834762573242
0.27547144889831543
0.20544719696044922
2.5968635082244873
0.292086124420166
0.17201900482177734
0.1875920295715332
0.187727689743042
0.1797475814819336
1.088536262512207
0.49072694778442383
0.21963834762573242
0.27547144889831543
0.20544719696044922
2.5968635082244873
0.292086124420166
0.17201900482177734
0.1875920295715332
0.187727689743042
0.1797475814819336
1.088536262512207
0.49072694778442383
0.21963834762573242
0.27547144889831543
0.20544719696044922
2.5968635082244873
0.292086124420166
0.17201900482177734
0.1875920295715332
0.187727689743042
0.1797475814819336
1.088536262512207
0.49072694778442383
0.21963834762573242
0.27547144889831543
0.20544719696044922
2.5968635082244873
0.292086124420166
0.17201900482177734
0.1875920295715332
0.187727689743042
0.1797475814819336
1.088536262512207
0.49072694778442383
0.21963834762573242
0.27547144889831543
0.20544719696044922
2.5968635082244873
0.292086124420166