0.2521085739135742
0.2521085739135742
0.2521085739135742
0.2360546588897705
0.2521085739135742
0.2360546588897705
0.2521085739135742
0.2360546588897705
0.2521085739135742
0.2360546588897705
0.2521085739135742
0.2360546588897705
0.2521085739135742
0.2360546588897705
0.2521085739135742
0.2360546588897705
0.2521085739135742
0.2360546588897705
0.2521085739135742
0.2360546588897705
0.2521085739135742
0.2360546588897705
0.2521085739135742
0.2360546588897705
0.2521085739135742
0.2360546588897705
0.2521085739135742
0.2360546588897705
0.2521085739135742
0.2360546588897705
0.2521085739135742
0.2360546588897705
0.2521085739135742
0.2360546588897705
0.2521085739135742
0.2360546588897705
0.2521085739135742
0.2360546588897705
0.2521085739135742
0.2360546588897705
0.2521085739135742
0.2360546588897705