0.6038374900817871
0.6038374900817871
0.6038374900817871
0.17322993278503418
0.6038374900817871
0.17322993278503418
0.6038374900817871
0.17322993278503418
0.6038374900817871
0.17322993278503418
0.6038374900817871
0.17322993278503418
0.6038374900817871
0.17322993278503418
0.6038374900817871
0.17322993278503418
0.6038374900817871
0.17322993278503418
0.6038374900817871
0.17322993278503418
0.6038374900817871
0.17322993278503418
0.6038374900817871
0.17322993278503418
0.6038374900817871
0.17322993278503418
0.6038374900817871
0.17322993278503418
0.6038374900817871
0.17322993278503418
0.6038374900817871
0.17322993278503418
0.6038374900817871
0.17322993278503418
0.6038374900817871
0.17322993278503418
0.6038374900817871
0.17322993278503418
0.229142427444458
0.6038374900817871
0.17322993278503418
0.229142427444458
0.6038374900817871
0.17322993278503418
0.229142427444458