0.4009385108947754
0.5888397693634033
0.2191786766052246
0.3401961326599121
0.29784440994262695
0.8117964267730713
0.21028757095336914
0.20957660675048828
0.22739577293395996
0.21201729774475098
0.26589226722717285
0.7360570430755615
0.27129554748535156
0.2167646884918213
0.2299191951751709
0.20297694206237793
0.23580050468444824
0.2057785987854004
0.23981189727783203
0.25212574005126953
0.5310037136077881
0.7516722679138184
0.42115020751953125
0.3039398193359375
0.2662656307220459
0.33042120933532715
0.2158493995666504