0.18922996520996094
0.18922996520996094
0.18922996520996094
0.18922996520996094
0.19714784622192383
0.18922996520996094
0.19714784622192383
0.18103408813476562
0.18922996520996094
0.19714784622192383
0.18103408813476562
0.18922996520996094
0.19714784622192383
0.18103408813476562
0.18922996520996094
0.19714784622192383
0.18103408813476562
0.18922996520996094
0.19714784622192383
0.18103408813476562
0.18922996520996094
0.19714784622192383
0.18103408813476562
0.18922996520996094
0.19714784622192383
0.18103408813476562
0.19716620445251465
0.18922996520996094
0.19714784622192383
0.18103408813476562
0.19716620445251465
0.18922996520996094
0.19714784622192383
0.18103408813476562
0.19716620445251465
0.18922996520996094
0.19714784622192383
0.18103408813476562
0.19716620445251465
0.18922996520996094
0.19714784622192383
0.18103408813476562
0.19716620445251465