0.15767145156860352
0.15767145156860352
0.15767145156860352
0.1815962791442871
0.15767145156860352
0.1815962791442871
0.15767145156860352
0.1815962791442871
0.15767145156860352
0.1815962791442871
0.15767145156860352
0.1815962791442871
0.15767145156860352
0.1815962791442871
0.15767145156860352
0.1815962791442871
0.15767145156860352
0.1815962791442871
0.15767145156860352
0.1815962791442871
0.15767145156860352
0.1815962791442871
0.15767145156860352
0.1815962791442871
0.15767145156860352
0.1815962791442871
0.15767145156860352
0.1815962791442871
0.15767145156860352
0.1815962791442871
0.15767145156860352
0.1815962791442871
0.15767145156860352
0.1815962791442871
0.15767145156860352
0.1815962791442871
0.15767145156860352
0.1815962791442871
0.15767145156860352
0.1815962791442871
0.15767145156860352
0.1815962791442871
0.15767145156860352
0.1815962791442871
0.15767145156860352
0.1815962791442871
0.15767145156860352
0.1815962791442871
0.15767145156860352
0.1815962791442871
0.15767145156860352
0.1815962791442871
0.15767145156860352
0.1815962791442871
0.15767145156860352
0.1815962791442871
0.15767145156860352
0.1815962791442871
0.15767145156860352
0.1815962791442871