0.1967158317565918
0.1967158317565918
0.1967158317565918
0.1967158317565918
0.1967158317565918
0.1967158317565918
0.1967158317565918
0.2352752685546875
0.15669488906860352
0.1967158317565918
0.2352752685546875
0.15669488906860352
0.1967158317565918
0.2352752685546875
0.15669488906860352
0.1967158317565918
0.2352752685546875
0.15669488906860352
0.1967158317565918
0.2352752685546875
0.15669488906860352
0.1967158317565918
0.2352752685546875
0.15669488906860352
0.1967158317565918
0.2352752685546875
0.15669488906860352
0.1967158317565918
0.2352752685546875
0.15669488906860352
0.1967158317565918
0.2352752685546875
0.15669488906860352
0.1967158317565918
0.2352752685546875
0.15669488906860352
0.1967158317565918
0.2352752685546875
0.15669488906860352
0.1967158317565918
0.2352752685546875
0.15669488906860352
0.1967158317565918
0.2352752685546875
0.15669488906860352
0.1967158317565918
0.2352752685546875
0.15669488906860352
0.1967158317565918
0.2352752685546875
0.15669488906860352
0.1967158317565918
0.2352752685546875
0.15669488906860352
0.1967158317565918
0.2352752685546875
0.15669488906860352
0.1967158317565918
0.2352752685546875
0.15669488906860352
0.1967158317565918
0.2352752685546875
0.15669488906860352
0.1967158317565918
0.2352752685546875
0.15669488906860352
0.1967158317565918
0.2352752685546875
0.15669488906860352