0.15758299827575684
0.15772461891174316
0.15758299827575684
0.15772461891174316
0.9588801860809326
0.22933721542358398
0.1497037410736084
0.15758299827575684
0.15772461891174316
0.9588801860809326
0.22933721542358398
0.1497037410736084
0.15758299827575684
0.15772461891174316
0.9588801860809326
0.22933721542358398
0.1497037410736084
0.15758299827575684
0.15772461891174316
0.9588801860809326
0.22933721542358398
0.1497037410736084
0.15758299827575684
0.15772461891174316
0.9588801860809326
0.22933721542358398
0.1497037410736084
0.15758299827575684
0.15772461891174316
0.9588801860809326
0.22933721542358398
0.1497037410736084
0.15758299827575684
0.15772461891174316
0.9588801860809326
0.22933721542358398
0.1497037410736084
0.15758299827575684
0.15772461891174316
0.9588801860809326
0.22933721542358398
0.1497037410736084
0.15758299827575684
0.15772461891174316
0.9588801860809326
0.22933721542358398
0.1497037410736084
0.15758299827575684
0.15772461891174316
0.9588801860809326
0.22933721542358398
0.1497037410736084
0.15758299827575684
0.15772461891174316
0.9588801860809326
0.22933721542358398
0.1497037410736084
0.15758299827575684
0.15772461891174316
0.9588801860809326
0.22933721542358398
0.1497037410736084
0.15758299827575684
0.15772461891174316
0.9588801860809326
0.22933721542358398
0.1497037410736084
0.15758299827575684
0.15772461891174316
0.9588801860809326
0.22933721542358398
0.1497037410736084
0.15758299827575684
0.15772461891174316
0.9588801860809326
0.22933721542358398
0.1497037410736084
0.15758299827575684
0.15772461891174316
0.9588801860809326
0.22933721542358398
0.1497037410736084
0.15758299827575684
0.15772461891174316
0.9588801860809326
0.22933721542358398
0.1497037410736084
0.15758299827575684
0.15772461891174316
0.9588801860809326
0.22933721542358398
0.1497037410736084
0.15758299827575684
0.15772461891174316
0.9588801860809326
0.22933721542358398
0.1497037410736084
0.15758299827575684
0.15772461891174316
0.9588801860809326
0.22933721542358398
0.1497037410736084
0.15758299827575684
0.15772461891174316
0.9588801860809326
0.22933721542358398
0.1497037410736084
0.15758299827575684
0.15772461891174316
0.9588801860809326
0.22933721542358398
0.1497037410736084
0.15758299827575684
0.15772461891174316
0.9588801860809326
0.22933721542358398
0.1497037410736084
0.15758299827575684
0.15772461891174316
0.9588801860809326
0.22933721542358398
0.1497037410736084
0.15758299827575684
0.15772461891174316
0.9588801860809326
0.22933721542358398
0.1497037410736084
0.15758299827575684
0.15772461891174316
0.9588801860809326
0.22933721542358398
0.1497037410736084
0.15758299827575684
0.15772461891174316
0.9588801860809326
0.22933721542358398
0.1497037410736084
0.15758299827575684
0.15772461891174316
0.9588801860809326
0.22933721542358398
0.1497037410736084
0.15758299827575684
0.15772461891174316
0.9588801860809326
0.22933721542358398
0.1497037410736084