0.19670653343200684
0.19670653343200684
0.19670653343200684
0.19670653343200684
0.19670653343200684
0.19670653343200684
0.19670653343200684
0.19670653343200684
0.19670653343200684
0.2045726776123047
0.19670653343200684
0.2045726776123047
0.19670653343200684
0.2045726776123047
0.19670653343200684
0.2045726776123047
0.19670653343200684
0.2045726776123047
0.19670653343200684
0.2045726776123047
0.19670653343200684
0.2045726776123047
0.19670653343200684
0.2045726776123047
0.19670653343200684
0.2045726776123047
0.19670653343200684
0.2045726776123047
0.19670653343200684
0.2045726776123047
0.19670653343200684
0.2045726776123047
0.19670653343200684
0.2045726776123047
0.19670653343200684
0.2045726776123047
0.19670653343200684
0.2045726776123047
0.19670653343200684
0.2045726776123047
0.19670653343200684
0.2045726776123047