0.3057084083557129
0.3057084083557129
0.3057084083557129
0.3057084083557129
0.3057084083557129
0.3057084083557129
0.3057084083557129
0.3057084083557129
0.3057084083557129
0.3057084083557129
0.3057084083557129
0.3057084083557129
0.3057084083557129
0.3057084083557129
0.3057084083557129
0.3057084083557129
0.3057084083557129
0.3057084083557129
0.3057084083557129
0.3057084083557129
0.3057084083557129
0.3057084083557129
0.3057084083557129
0.3057084083557129
0.3057084083557129
0.3057084083557129
0.3057084083557129
0.3057084083557129