0.3130652904510498
0.3130652904510498
0.3130652904510498
0.3130652904510498
0.6928462982177734
0.3130652904510498
0.6928462982177734
0.3130652904510498
0.6928462982177734
0.3130652904510498
0.6928462982177734
0.3130652904510498
0.6928462982177734
0.3130652904510498
0.6928462982177734
0.3130652904510498
0.6928462982177734
0.3130652904510498
0.6928462982177734
0.3130652904510498
0.6928462982177734
1.030853271484375
0.3130652904510498
0.6928462982177734
1.030853271484375
0.3130652904510498
0.6928462982177734
1.030853271484375
0.3130652904510498
0.6928462982177734
1.030853271484375
0.3130652904510498
0.6928462982177734
1.030853271484375
0.99741530418396
0.3130652904510498
0.6928462982177734
1.030853271484375
0.99741530418396
0.21761417388916016
0.3130652904510498
0.6928462982177734
1.030853271484375
0.99741530418396
0.21761417388916016
0.3130652904510498
0.6928462982177734
1.030853271484375
0.99741530418396
0.21761417388916016
0.2018144130706787
0.3130652904510498
0.6928462982177734
1.030853271484375
0.99741530418396
0.21761417388916016
0.2018144130706787
0.3130652904510498
0.6928462982177734
1.030853271484375
0.99741530418396
0.21761417388916016
0.2018144130706787
0.3130652904510498
0.6928462982177734
1.030853271484375
0.99741530418396
0.21761417388916016
0.2018144130706787
0.3130652904510498
0.6928462982177734
1.030853271484375
0.99741530418396
0.21761417388916016
0.2018144130706787
0.3130652904510498
0.6928462982177734
1.030853271484375
0.99741530418396
0.21761417388916016
0.2018144130706787
0.3130652904510498
0.6928462982177734
1.030853271484375
0.99741530418396
0.21761417388916016
0.2018144130706787
0.3130652904510498
0.6928462982177734
1.030853271484375
0.99741530418396
0.21761417388916016
0.2018144130706787