0.2828786373138428
0.2828786373138428
0.2828786373138428
0.585730791091919
0.2828786373138428
0.585730791091919
0.2828786373138428
0.585730791091919
0.2030045986175537
0.2828786373138428
0.585730791091919
0.2030045986175537
0.31471967697143555
0.2828786373138428
0.585730791091919
0.2030045986175537
0.31471967697143555
0.2828786373138428
0.585730791091919
0.2030045986175537
0.31471967697143555
0.2828786373138428
0.585730791091919
0.2030045986175537
0.31471967697143555
0.864626407623291
0.2828786373138428
0.585730791091919
0.2030045986175537
0.31471967697143555
0.864626407623291
0.2828786373138428
0.585730791091919
0.2030045986175537
0.31471967697143555
0.864626407623291
0.2828786373138428
0.585730791091919
0.2030045986175537
0.31471967697143555
0.864626407623291
0.2828786373138428
0.585730791091919
0.2030045986175537
0.31471967697143555
0.864626407623291
0.2828786373138428
0.585730791091919
0.2030045986175537
0.31471967697143555
0.864626407623291
0.2828786373138428
0.585730791091919
0.2030045986175537
0.31471967697143555
0.864626407623291
0.4017457962036133
0.2828786373138428
0.585730791091919
0.2030045986175537
0.31471967697143555
0.864626407623291
0.4017457962036133
0.2828786373138428
0.585730791091919
0.2030045986175537
0.31471967697143555
0.864626407623291
0.4017457962036133
0.5290844440460205
0.2828786373138428
0.585730791091919
0.2030045986175537
0.31471967697143555
0.864626407623291
0.4017457962036133
0.5290844440460205
0.2828786373138428
0.585730791091919
0.2030045986175537
0.31471967697143555
0.864626407623291
0.4017457962036133
0.5290844440460205
0.2828786373138428
0.585730791091919
0.2030045986175537
0.31471967697143555
0.864626407623291
0.4017457962036133
0.5290844440460205
0.2828786373138428
0.585730791091919
0.2030045986175537
0.31471967697143555
0.864626407623291
0.4017457962036133
0.5290844440460205
0.2828786373138428
0.585730791091919
0.2030045986175537
0.31471967697143555
0.864626407623291
0.4017457962036133
0.5290844440460205
0.2828786373138428
0.585730791091919
0.2030045986175537
0.31471967697143555
0.864626407623291
0.4017457962036133
0.5290844440460205
0.2828786373138428
0.585730791091919
0.2030045986175537
0.31471967697143555
0.864626407623291
0.4017457962036133
0.5290844440460205
0.2828786373138428
0.585730791091919
0.2030045986175537
0.31471967697143555
0.864626407623291
0.4017457962036133
0.5290844440460205
0.48114848136901855
0.4649231433868408
0.2828786373138428
0.585730791091919
0.2030045986175537
0.31471967697143555
0.864626407623291
0.4017457962036133
0.5290844440460205
0.48114848136901855
0.4649231433868408
0.2828786373138428
0.585730791091919
0.2030045986175537
0.31471967697143555
0.864626407623291
0.4017457962036133
0.5290844440460205
0.48114848136901855
0.4649231433868408