0.35426950454711914
0.35426950454711914
0.4911496639251709
0.35426950454711914
0.4911496639251709
0.2745175361633301
0.35426950454711914
0.4911496639251709
0.2745175361633301
0.35426950454711914
0.4911496639251709
0.2745175361633301
0.35426950454711914
0.4911496639251709
0.2745175361633301
0.35426950454711914
0.4911496639251709
0.2745175361633301
0.35426950454711914
0.4911496639251709
0.2745175361633301
0.2665119171142578
0.35426950454711914
0.4911496639251709
0.2745175361633301
0.2665119171142578
0.35426950454711914
0.4911496639251709
0.2745175361633301
0.2665119171142578
0.35426950454711914
0.4911496639251709
0.2745175361633301
0.2665119171142578
0.35426950454711914
0.4911496639251709
0.2745175361633301
0.2665119171142578
0.35426950454711914
0.4911496639251709
0.2745175361633301
0.2665119171142578
0.35426950454711914
0.4911496639251709
0.2745175361633301
0.2665119171142578
0.35426950454711914
0.4911496639251709
0.2745175361633301
0.2665119171142578
1.216083288192749
0.35426950454711914
0.4911496639251709
0.2745175361633301
0.2665119171142578
1.216083288192749
0.35426950454711914
0.4911496639251709
0.2745175361633301
0.2665119171142578
1.216083288192749
0.35426950454711914
0.4911496639251709
0.2745175361633301
0.2665119171142578
1.216083288192749
0.35426950454711914
0.4911496639251709
0.2745175361633301
0.2665119171142578
1.216083288192749
0.35426950454711914
0.4911496639251709
0.2745175361633301
0.2665119171142578
1.216083288192749
0.35426950454711914
0.4911496639251709
0.2745175361633301
0.2665119171142578
1.216083288192749
0.35426950454711914
0.4911496639251709
0.2745175361633301
0.2665119171142578
1.216083288192749
0.5844616889953613
0.4896817207336426