0.15462827682495117
0.409801721572876
0.15462827682495117
0.409801721572876
0.15462827682495117
0.409801721572876
0.3141775131225586
0.15462827682495117
0.409801721572876
0.3141775131225586
0.15462827682495117
0.409801721572876
0.3141775131225586
0.15462827682495117
0.409801721572876
0.3141775131225586
0.15462827682495117
0.409801721572876
0.3141775131225586
0.15462827682495117
0.409801721572876
0.3141775131225586
0.15462827682495117
0.409801721572876
0.3141775131225586
0.15462827682495117
0.409801721572876
0.3141775131225586
0.15462827682495117
0.409801721572876
0.3141775131225586
0.15462827682495117
0.409801721572876
0.3141775131225586
0.5215234756469727
0.15462827682495117
0.409801721572876
0.3141775131225586
0.5215234756469727
0.15462827682495117
0.409801721572876
0.3141775131225586
0.5215234756469727
0.15462827682495117
0.409801721572876
0.3141775131225586
0.5215234756469727
0.15462827682495117
0.409801721572876
0.3141775131225586
0.5215234756469727
0.15462827682495117
0.409801721572876
0.3141775131225586
0.5215234756469727
0.15462827682495117
0.409801721572876
0.3141775131225586
0.5215234756469727
0.15462827682495117
0.409801721572876
0.3141775131225586
0.5215234756469727
0.15462827682495117
0.409801721572876
0.3141775131225586
0.5215234756469727
0.15462827682495117
0.409801721572876
0.3141775131225586
0.5215234756469727
0.15462827682495117
0.409801721572876
0.3141775131225586
0.5215234756469727
0.15462827682495117
0.409801721572876
0.3141775131225586
0.5215234756469727
0.15462827682495117
0.409801721572876
0.3141775131225586
0.5215234756469727
0.15462827682495117
0.409801721572876
0.3141775131225586
0.5215234756469727
0.15462827682495117
0.409801721572876
0.3141775131225586
0.5215234756469727
0.15462827682495117
0.409801721572876
0.3141775131225586
0.5215234756469727
0.15462827682495117
0.409801721572876
0.3141775131225586
0.5215234756469727