0.15514659881591797
0.18613266944885254
0.15474534034729004
0.15514659881591797
0.18613266944885254
0.15474534034729004
0.15781569480895996
0.15514659881591797
0.18613266944885254
0.15474534034729004
0.15781569480895996
0.16253972053527832
0.15514659881591797
0.18613266944885254
0.15474534034729004
0.15781569480895996
0.16253972053527832
0.15514659881591797
0.18613266944885254
0.15474534034729004
0.15781569480895996
0.16253972053527832
0.15514659881591797
0.18613266944885254
0.15474534034729004
0.15781569480895996
0.16253972053527832
0.15514659881591797
0.18613266944885254
0.15474534034729004
0.15781569480895996
0.16253972053527832
0.15514659881591797
0.18613266944885254
0.15474534034729004
0.15781569480895996
0.16253972053527832
0.15514659881591797
0.18613266944885254
0.15474534034729004
0.15781569480895996
0.16253972053527832
0.15514659881591797
0.18613266944885254
0.15474534034729004
0.15781569480895996
0.16253972053527832
0.15514659881591797
0.18613266944885254
0.15474534034729004
0.15781569480895996
0.16253972053527832
0.15514659881591797
0.18613266944885254
0.15474534034729004
0.15781569480895996
0.16253972053527832
0.15514659881591797
0.18613266944885254
0.15474534034729004
0.15781569480895996
0.16253972053527832
0.15514659881591797
0.18613266944885254
0.15474534034729004
0.15781569480895996
0.16253972053527832
0.15514659881591797
0.18613266944885254
0.15474534034729004
0.15781569480895996
0.16253972053527832
0.15514659881591797
0.18613266944885254
0.15474534034729004
0.15781569480895996
0.16253972053527832
0.2266218662261963
0.15514659881591797
0.18613266944885254
0.15474534034729004
0.15781569480895996
0.16253972053527832
0.2266218662261963
0.15514659881591797
0.18613266944885254
0.15474534034729004
0.15781569480895996
0.16253972053527832
0.2266218662261963
0.15514659881591797
0.18613266944885254
0.15474534034729004
0.15781569480895996
0.16253972053527832
0.2266218662261963
0.15514659881591797
0.18613266944885254
0.15474534034729004
0.15781569480895996
0.16253972053527832
0.2266218662261963
0.15514659881591797
0.18613266944885254
0.15474534034729004
0.15781569480895996
0.16253972053527832
0.2266218662261963
0.23474335670471191
0.15514659881591797
0.18613266944885254
0.15474534034729004
0.15781569480895996
0.16253972053527832
0.2266218662261963
0.23474335670471191
0.15514659881591797
0.18613266944885254
0.15474534034729004
0.15781569480895996
0.16253972053527832
0.2266218662261963
0.23474335670471191
0.15514659881591797
0.18613266944885254
0.15474534034729004
0.15781569480895996
0.16253972053527832
0.2266218662261963
0.23474335670471191
0.2825350761413574
0.15514659881591797
0.18613266944885254
0.15474534034729004
0.15781569480895996
0.16253972053527832
0.2266218662261963
0.23474335670471191
0.2825350761413574
0.15514659881591797
0.18613266944885254
0.15474534034729004
0.15781569480895996
0.16253972053527832
0.2266218662261963
0.23474335670471191
0.2825350761413574
0.15514659881591797
0.18613266944885254
0.15474534034729004
0.15781569480895996
0.16253972053527832
0.2266218662261963
0.23474335670471191
0.2825350761413574
0.15514659881591797
0.18613266944885254
0.15474534034729004
0.15781569480895996
0.16253972053527832
0.2266218662261963
0.23474335670471191
0.2825350761413574
0.15514659881591797
0.18613266944885254
0.15474534034729004
0.15781569480895996
0.16253972053527832
0.2266218662261963
0.23474335670471191
0.2825350761413574
0.15514659881591797
0.18613266944885254
0.15474534034729004
0.15781569480895996
0.16253972053527832
0.2266218662261963
0.23474335670471191
0.2825350761413574
0.5777556896209717
0.15514659881591797
0.18613266944885254
0.15474534034729004
0.15781569480895996
0.16253972053527832
0.2266218662261963
0.23474335670471191
0.2825350761413574
0.5777556896209717
0.1959400177001953