0.30680346488952637
0.30680346488952637
0.30680346488952637
0.30680346488952637
0.30680346488952637
0.30680346488952637
0.30680346488952637
0.30680346488952637
0.30680346488952637
0.2267003059387207
0.38680362701416016
0.30680346488952637
0.2267003059387207
0.38680362701416016
0.30680346488952637
0.2267003059387207
0.38680362701416016
0.30680346488952637
0.2267003059387207
0.38680362701416016
0.30680346488952637
0.2267003059387207
0.38680362701416016
0.30680346488952637
0.2267003059387207
0.38680362701416016
0.30680346488952637
0.2267003059387207
0.38680362701416016