0.2659182548522949
0.2659182548522949
0.2659182548522949
0.2659182548522949
0.2659182548522949
0.2659182548522949
0.2659182548522949
0.2659182548522949
0.2659182548522949
0.2659182548522949
0.2659182548522949
0.2659182548522949
0.2659182548522949
0.2659182548522949
0.2659182548522949
0.2659182548522949
0.2659182548522949
0.2659182548522949
0.2659182548522949
0.2659182548522949
0.2659182548522949
0.2659182548522949
0.2659182548522949
0.2659182548522949
0.2659182548522949
0.2659182548522949
0.2659182548522949
0.2659182548522949
0.2659182548522949
0.2659182548522949