1.3265962600708008
1.3265962600708008
1.3265962600708008
1.3265962600708008
1.3265962600708008
1.3265962600708008
1.3265962600708008
1.3265962600708008
1.3265962600708008
1.3265962600708008
1.3265962600708008
1.3265962600708008
1.3265962600708008
1.3265962600708008
1.3265962600708008
1.3265962600708008
1.3453848361968994
1.3265962600708008
1.3453848361968994
1.3265962600708008
1.3453848361968994
1.3265962600708008
1.3453848361968994
1.3265962600708008
1.3453848361968994
1.3265962600708008
1.3453848361968994
1.3265962600708008
1.3453848361968994
1.3265962600708008
1.3453848361968994
1.3265962600708008
1.3453848361968994
1.3265962600708008
1.3453848361968994