0.20654821395874023
0.23409509658813477
0.9495241641998291
0.20896124839782715
0.6020486354827881
0.21938753128051758
0.16823911666870117
0.21210074424743652
0.21088624000549316
0.19578814506530762
0.18881630897521973
0.20002412796020508
0.17150235176086426
0.22858953475952148
0.21628189086914062
0.5170190334320068
0.19977831840515137
0.2021043300628662
0.21557021141052246
0.2240760326385498
0.15881609916687012
0.20867037773132324
0.17848610877990723
0.26865696907043457
0.21410846710205078
0.22116923332214355
0.20201516151428223
0.18823766708374023
0.3263247013092041
0.2751131057739258
0.17804455757141113