0.27646923065185547
0.27646923065185547
0.27646923065185547
0.27646923065185547
0.27646923065185547
0.27646923065185547
0.27646923065185547
0.27646923065185547
0.27646923065185547
0.27646923065185547
0.27646923065185547
0.27646923065185547
0.27646923065185547
0.27646923065185547
0.27646923065185547
0.44368696212768555
0.27646923065185547
0.44368696212768555
0.27646923065185547
0.44368696212768555
0.2761192321777344
0.27646923065185547
0.44368696212768555
0.2761192321777344
0.27646923065185547
0.44368696212768555
0.2761192321777344
0.27646923065185547
0.44368696212768555
0.2761192321777344
0.27646923065185547
0.44368696212768555
0.2761192321777344
0.27646923065185547
0.44368696212768555
0.2761192321777344
0.27646923065185547
0.44368696212768555
0.2761192321777344
0.26032519340515137
0.27646923065185547
0.44368696212768555
0.2761192321777344
0.26032519340515137
0.27646923065185547
0.44368696212768555
0.2761192321777344
0.26032519340515137
0.27646923065185547
0.44368696212768555
0.2761192321777344
0.26032519340515137
0.27646923065185547
0.44368696212768555
0.2761192321777344
0.26032519340515137
0.27646923065185547
0.44368696212768555
0.2761192321777344
0.26032519340515137
0.27646923065185547
0.44368696212768555
0.2761192321777344
0.26032519340515137
0.27646923065185547
0.44368696212768555
0.2761192321777344
0.26032519340515137