0.3155808448791504
0.3155808448791504
0.3155808448791504
0.3155808448791504
0.3155808448791504
0.3155808448791504
0.23538470268249512
0.3155808448791504
0.23538470268249512
0.5306048393249512
0.3155808448791504
0.23538470268249512
0.5306048393249512
0.3155808448791504
0.23538470268249512
0.5306048393249512
0.4190938472747803
0.3155808448791504
0.23538470268249512
0.5306048393249512
0.4190938472747803
0.3155808448791504
0.23538470268249512
0.5306048393249512
0.4190938472747803
0.3155808448791504
0.23538470268249512
0.5306048393249512
0.4190938472747803
0.3155808448791504
0.23538470268249512
0.5306048393249512
0.4190938472747803
0.3155808448791504
0.23538470268249512
0.5306048393249512
0.4190938472747803
0.3155808448791504
0.23538470268249512
0.5306048393249512
0.4190938472747803
0.3155808448791504
0.23538470268249512
0.5306048393249512
0.4190938472747803
0.20530414581298828
0.3155808448791504
0.23538470268249512
0.5306048393249512
0.4190938472747803
0.20530414581298828
0.3155808448791504
0.23538470268249512
0.5306048393249512
0.4190938472747803
0.20530414581298828
0.203460693359375
0.3155808448791504
0.23538470268249512
0.5306048393249512
0.4190938472747803
0.20530414581298828
0.203460693359375
0.3155808448791504
0.23538470268249512
0.5306048393249512
0.4190938472747803
0.20530414581298828
0.203460693359375
0.243788480758667
0.3155808448791504
0.23538470268249512
0.5306048393249512
0.4190938472747803
0.20530414581298828
0.203460693359375
0.243788480758667