0.23529982566833496
0.6099557876586914
0.23529982566833496
0.6099557876586914
0.23529982566833496
0.6099557876586914
0.339385986328125
0.23529982566833496
0.6099557876586914
0.339385986328125
0.23529982566833496
0.6099557876586914
0.339385986328125
0.23529982566833496
0.6099557876586914
0.339385986328125
0.23523640632629395
0.23529982566833496
0.6099557876586914
0.339385986328125
0.23523640632629395
0.23529982566833496
0.6099557876586914
0.339385986328125
0.23523640632629395
0.23529982566833496
0.6099557876586914
0.339385986328125
0.23523640632629395
0.23529982566833496
0.6099557876586914
0.339385986328125
0.23523640632629395
0.17982029914855957
0.23529982566833496
0.6099557876586914
0.339385986328125
0.23523640632629395
0.17982029914855957
0.23529982566833496
0.6099557876586914
0.339385986328125
0.23523640632629395
0.17982029914855957
0.4837069511413574
0.37096619606018066
0.23529982566833496
0.6099557876586914
0.339385986328125
0.23523640632629395
0.17982029914855957
0.4837069511413574
0.37096619606018066
0.21209931373596191
0.23529982566833496
0.6099557876586914
0.339385986328125
0.23523640632629395
0.17982029914855957
0.4837069511413574
0.37096619606018066
0.21209931373596191
0.2288985252380371
0.23529982566833496
0.6099557876586914
0.339385986328125
0.23523640632629395
0.17982029914855957
0.4837069511413574
0.37096619606018066
0.21209931373596191
0.2288985252380371
0.23529982566833496
0.6099557876586914
0.339385986328125
0.23523640632629395
0.17982029914855957
0.4837069511413574
0.37096619606018066
0.21209931373596191
0.2288985252380371
0.23529982566833496
0.6099557876586914
0.339385986328125
0.23523640632629395
0.17982029914855957
0.4837069511413574
0.37096619606018066
0.21209931373596191
0.2288985252380371
0.17167448997497559
0.3235466480255127
0.23529982566833496
0.6099557876586914
0.339385986328125
0.23523640632629395
0.17982029914855957
0.4837069511413574
0.37096619606018066
0.21209931373596191
0.2288985252380371
0.17167448997497559
0.3235466480255127
0.28350305557250977
0.23529982566833496
0.6099557876586914
0.339385986328125
0.23523640632629395
0.17982029914855957
0.4837069511413574
0.37096619606018066
0.21209931373596191
0.2288985252380371
0.17167448997497559
0.3235466480255127
0.28350305557250977
0.19710779190063477
0.23529982566833496
0.6099557876586914
0.339385986328125
0.23523640632629395
0.17982029914855957
0.4837069511413574
0.37096619606018066
0.21209931373596191
0.2288985252380371
0.17167448997497559
0.3235466480255127
0.28350305557250977
0.19710779190063477
0.23529982566833496
0.6099557876586914
0.339385986328125
0.23523640632629395
0.17982029914855957
0.4837069511413574
0.37096619606018066
0.21209931373596191
0.2288985252380371
0.17167448997497559
0.3235466480255127
0.28350305557250977
0.19710779190063477
0.25961732864379883
0.23529982566833496
0.6099557876586914
0.339385986328125
0.23523640632629395
0.17982029914855957
0.4837069511413574
0.37096619606018066
0.21209931373596191
0.2288985252380371
0.17167448997497559
0.3235466480255127
0.28350305557250977
0.19710779190063477
0.25961732864379883
0.23529982566833496
0.6099557876586914
0.339385986328125
0.23523640632629395
0.17982029914855957
0.4837069511413574
0.37096619606018066
0.21209931373596191
0.2288985252380371
0.17167448997497559
0.3235466480255127
0.28350305557250977
0.19710779190063477
0.25961732864379883
0.23529982566833496
0.6099557876586914
0.339385986328125
0.23523640632629395
0.17982029914855957
0.4837069511413574
0.37096619606018066
0.21209931373596191
0.2288985252380371
0.17167448997497559
0.3235466480255127
0.28350305557250977
0.19710779190063477
0.25961732864379883
0.435060977935791
0.23529982566833496
0.6099557876586914
0.339385986328125
0.23523640632629395
0.17982029914855957
0.4837069511413574
0.37096619606018066
0.21209931373596191
0.2288985252380371
0.17167448997497559
0.3235466480255127
0.28350305557250977
0.19710779190063477
0.25961732864379883
0.435060977935791
0.23549151420593262
0.23529982566833496
0.6099557876586914
0.339385986328125
0.23523640632629395
0.17982029914855957
0.4837069511413574
0.37096619606018066
0.21209931373596191
0.2288985252380371
0.17167448997497559
0.3235466480255127
0.28350305557250977
0.19710779190063477
0.25961732864379883
0.435060977935791
0.23549151420593262
0.2902183532714844
0.23529982566833496
0.6099557876586914
0.339385986328125
0.23523640632629395
0.17982029914855957
0.4837069511413574
0.37096619606018066
0.21209931373596191
0.2288985252380371
0.17167448997497559
0.3235466480255127
0.28350305557250977
0.19710779190063477
0.25961732864379883
0.435060977935791
0.23549151420593262
0.2902183532714844
0.23529982566833496
0.6099557876586914
0.339385986328125
0.23523640632629395
0.17982029914855957
0.4837069511413574
0.37096619606018066
0.21209931373596191
0.2288985252380371
0.17167448997497559
0.3235466480255127
0.28350305557250977
0.19710779190063477
0.25961732864379883
0.435060977935791
0.23549151420593262
0.2902183532714844