0.3297407627105713
0.3297407627105713
0.3297407627105713
0.3297407627105713
0.3297407627105713
0.3297407627105713
0.3297407627105713
0.3297407627105713
0.3297407627105713
0.3297407627105713
0.3297407627105713
0.3297407627105713
0.3297407627105713
0.3297407627105713
0.3297407627105713
0.3297407627105713
0.33795833587646484
0.3297407627105713
0.33795833587646484
0.3297407627105713
0.33795833587646484
0.3297407627105713
0.33795833587646484
0.3297407627105713
0.33795833587646484
0.3297407627105713
0.33795833587646484
0.3297407627105713
0.33795833587646484
0.3297407627105713
0.33795833587646484
0.3297407627105713
0.33795833587646484
0.3297407627105713
0.33795833587646484
0.3297407627105713
0.33795833587646484
0.47406911849975586
0.3297407627105713
0.33795833587646484
0.47406911849975586
0.33648157119750977