0.267988920211792
0.267988920211792
0.267988920211792
0.267988920211792
0.267988920211792
0.267988920211792
0.267988920211792
0.267988920211792
0.267988920211792
0.267988920211792
0.267988920211792
0.267988920211792
0.267988920211792
0.267988920211792
0.267988920211792
0.267988920211792
0.267988920211792
0.267988920211792
0.267988920211792
0.267988920211792
0.267988920211792
0.267988920211792
0.267988920211792
0.267988920211792
0.267988920211792
0.267988920211792
0.267988920211792
0.267988920211792
0.267988920211792