0.33266663551330566
0.33266663551330566
0.33266663551330566
0.3168916702270508
0.33266663551330566
0.3168916702270508
0.33266663551330566
0.3168916702270508
0.33266663551330566
0.3168916702270508
0.33266663551330566
0.3168916702270508
0.33266663551330566
0.3168916702270508
0.33266663551330566
0.3168916702270508
0.33266663551330566
0.3168916702270508
0.33266663551330566
0.3168916702270508
0.33266663551330566
0.3168916702270508
0.33266663551330566
0.3168916702270508
0.32288336753845215
0.33266663551330566
0.3168916702270508
0.32288336753845215
0.33266663551330566
0.3168916702270508
0.32288336753845215
0.33266663551330566
0.3168916702270508
0.32288336753845215
0.33266663551330566
0.3168916702270508
0.32288336753845215
0.33266663551330566
0.3168916702270508
0.32288336753845215
0.33266663551330566
0.3168916702270508
0.32288336753845215
0.33266663551330566
0.3168916702270508
0.32288336753845215
0.33266663551330566
0.3168916702270508
0.32288336753845215
0.33266663551330566
0.3168916702270508
0.32288336753845215
0.33266663551330566
0.3168916702270508
0.32288336753845215
0.3967409133911133
0.33266663551330566
0.3168916702270508
0.32288336753845215
0.3967409133911133