0.2902686595916748
0.2902686595916748
0.2902686595916748
0.2902686595916748
0.2902686595916748
0.2902686595916748
0.2902686595916748
0.2902686595916748
0.4327876567840576
0.2902686595916748
0.4327876567840576
0.2902686595916748
0.4327876567840576
0.2902686595916748
0.4327876567840576
0.2902686595916748
0.4327876567840576
0.2902686595916748
0.4327876567840576
0.520543098449707
0.2902686595916748
0.4327876567840576
0.520543098449707
0.2902686595916748
0.4327876567840576
0.520543098449707
0.2902686595916748
0.4327876567840576
0.520543098449707
0.3372054100036621
0.2902686595916748
0.4327876567840576
0.520543098449707
0.3372054100036621
0.2902686595916748
0.4327876567840576
0.520543098449707
0.3372054100036621
0.2902686595916748
0.4327876567840576
0.520543098449707
0.3372054100036621