0.5130033493041992
0.2340090274810791
0.5130033493041992
0.2340090274810791
0.3059988021850586
0.5130033493041992
0.2340090274810791
0.3059988021850586
0.5130033493041992
0.2340090274810791
0.3059988021850586
0.24965643882751465
0.5130033493041992
0.2340090274810791
0.3059988021850586
0.24965643882751465
0.31374239921569824
0.21002864837646484
0.20218920707702637
0.5130033493041992
0.2340090274810791
0.3059988021850586
0.24965643882751465
0.31374239921569824
0.21002864837646484
0.20218920707702637
0.5130033493041992
0.2340090274810791
0.3059988021850586
0.24965643882751465
0.31374239921569824
0.21002864837646484
0.20218920707702637
0.4403214454650879
0.5130033493041992
0.2340090274810791
0.3059988021850586
0.24965643882751465
0.31374239921569824
0.21002864837646484
0.20218920707702637
0.4403214454650879
0.3216097354888916
0.20212411880493164
0.5130033493041992
0.2340090274810791
0.3059988021850586
0.24965643882751465
0.31374239921569824
0.21002864837646484
0.20218920707702637
0.4403214454650879
0.3216097354888916
0.20212411880493164
0.5297641754150391
0.5130033493041992
0.2340090274810791
0.3059988021850586
0.24965643882751465
0.31374239921569824
0.21002864837646484
0.20218920707702637
0.4403214454650879
0.3216097354888916
0.20212411880493164
0.5297641754150391
0.23203158378601074
0.25807619094848633
0.5130033493041992
0.2340090274810791
0.3059988021850586
0.24965643882751465
0.31374239921569824
0.21002864837646484
0.20218920707702637
0.4403214454650879
0.3216097354888916
0.20212411880493164
0.5297641754150391
0.23203158378601074
0.25807619094848633
0.5130033493041992
0.2340090274810791
0.3059988021850586
0.24965643882751465
0.31374239921569824
0.21002864837646484
0.20218920707702637
0.4403214454650879
0.3216097354888916
0.20212411880493164
0.5297641754150391
0.23203158378601074
0.25807619094848633
0.44115400314331055
0.3296031951904297
0.5369420051574707
0.23380613327026367
0.2740745544433594
0.5130033493041992
0.2340090274810791
0.3059988021850586
0.24965643882751465
0.31374239921569824
0.21002864837646484
0.20218920707702637
0.4403214454650879
0.3216097354888916
0.20212411880493164
0.5297641754150391
0.23203158378601074
0.25807619094848633
0.44115400314331055
0.3296031951904297
0.5369420051574707
0.23380613327026367
0.2740745544433594
0.2506444454193115
0.5130033493041992
0.2340090274810791
0.3059988021850586
0.24965643882751465
0.31374239921569824
0.21002864837646484
0.20218920707702637
0.4403214454650879
0.3216097354888916
0.20212411880493164
0.5297641754150391
0.23203158378601074
0.25807619094848633
0.44115400314331055
0.3296031951904297
0.5369420051574707
0.23380613327026367
0.2740745544433594
0.2506444454193115
0.2817995548248291
0.6885521411895752
0.22589731216430664
0.5130033493041992
0.2340090274810791
0.3059988021850586
0.24965643882751465
0.31374239921569824
0.21002864837646484
0.20218920707702637
0.4403214454650879
0.3216097354888916
0.20212411880493164
0.5297641754150391
0.23203158378601074
0.25807619094848633
0.44115400314331055
0.3296031951904297
0.5369420051574707
0.23380613327026367
0.2740745544433594
0.2506444454193115
0.2817995548248291
0.6885521411895752
0.22589731216430664
0.20210504531860352
0.24821186065673828
0.5130033493041992
0.2340090274810791
0.3059988021850586
0.24965643882751465
0.31374239921569824
0.21002864837646484
0.20218920707702637
0.4403214454650879
0.3216097354888916
0.20212411880493164
0.5297641754150391
0.23203158378601074
0.25807619094848633
0.44115400314331055
0.3296031951904297
0.5369420051574707
0.23380613327026367
0.2740745544433594
0.2506444454193115
0.2817995548248291
0.6885521411895752
0.22589731216430664
0.20210504531860352
0.24821186065673828
0.6570234298706055
0.5130033493041992
0.2340090274810791
0.3059988021850586
0.24965643882751465
0.31374239921569824
0.21002864837646484
0.20218920707702637
0.4403214454650879
0.3216097354888916
0.20212411880493164
0.5297641754150391
0.23203158378601074
0.25807619094848633
0.44115400314331055
0.3296031951904297
0.5369420051574707
0.23380613327026367
0.2740745544433594
0.2506444454193115
0.2817995548248291
0.6885521411895752
0.22589731216430664
0.20210504531860352
0.24821186065673828
0.6570234298706055
0.5130033493041992
0.2340090274810791
0.3059988021850586
0.24965643882751465
0.31374239921569824
0.21002864837646484
0.20218920707702637
0.4403214454650879
0.3216097354888916
0.20212411880493164
0.5297641754150391
0.23203158378601074
0.25807619094848633
0.44115400314331055
0.3296031951904297
0.5369420051574707
0.23380613327026367
0.2740745544433594
0.2506444454193115
0.2817995548248291
0.6885521411895752
0.22589731216430664
0.20210504531860352
0.24821186065673828
0.6570234298706055
0.6568772792816162
0.553102970123291
0.5130033493041992
0.2340090274810791
0.3059988021850586
0.24965643882751465
0.31374239921569824
0.21002864837646484
0.20218920707702637
0.4403214454650879
0.3216097354888916
0.20212411880493164
0.5297641754150391
0.23203158378601074
0.25807619094848633
0.44115400314331055
0.3296031951904297
0.5369420051574707
0.23380613327026367
0.2740745544433594
0.2506444454193115
0.2817995548248291
0.6885521411895752
0.22589731216430664
0.20210504531860352
0.24821186065673828
0.6570234298706055
0.6568772792816162
0.553102970123291
0.39515256881713867
0.6651086807250977
0.5130033493041992
0.2340090274810791
0.3059988021850586
0.24965643882751465
0.31374239921569824
0.21002864837646484
0.20218920707702637
0.4403214454650879
0.3216097354888916
0.20212411880493164
0.5297641754150391
0.23203158378601074
0.25807619094848633
0.44115400314331055
0.3296031951904297
0.5369420051574707
0.23380613327026367
0.2740745544433594
0.2506444454193115
0.2817995548248291
0.6885521411895752
0.22589731216430664
0.20210504531860352
0.24821186065673828
0.6570234298706055
0.6568772792816162
0.553102970123291
0.39515256881713867
0.6651086807250977
0.27390456199645996
0.5149528980255127
0.38575172424316406
0.2182924747467041
0.5130033493041992
0.2340090274810791
0.3059988021850586
0.24965643882751465
0.31374239921569824
0.21002864837646484
0.20218920707702637
0.4403214454650879
0.3216097354888916
0.20212411880493164
0.5297641754150391
0.23203158378601074
0.25807619094848633
0.44115400314331055
0.3296031951904297
0.5369420051574707
0.23380613327026367
0.2740745544433594
0.2506444454193115
0.2817995548248291
0.6885521411895752
0.22589731216430664
0.20210504531860352
0.24821186065673828
0.6570234298706055
0.6568772792816162
0.553102970123291
0.39515256881713867
0.6651086807250977
0.27390456199645996
0.5149528980255127
0.38575172424316406
0.2182924747467041
0.3148839473724365
0.5130033493041992
0.2340090274810791
0.3059988021850586
0.24965643882751465
0.31374239921569824
0.21002864837646484
0.20218920707702637
0.4403214454650879
0.3216097354888916
0.20212411880493164
0.5297641754150391
0.23203158378601074
0.25807619094848633
0.44115400314331055
0.3296031951904297
0.5369420051574707
0.23380613327026367
0.2740745544433594
0.2506444454193115
0.2817995548248291
0.6885521411895752
0.22589731216430664
0.20210504531860352
0.24821186065673828
0.6570234298706055
0.6568772792816162
0.553102970123291
0.39515256881713867
0.6651086807250977
0.27390456199645996
0.5149528980255127
0.38575172424316406
0.2182924747467041
0.3148839473724365
0.5130033493041992
0.2340090274810791
0.3059988021850586
0.24965643882751465
0.31374239921569824
0.21002864837646484
0.20218920707702637
0.4403214454650879
0.3216097354888916
0.20212411880493164
0.5297641754150391
0.23203158378601074
0.25807619094848633
0.44115400314331055
0.3296031951904297
0.5369420051574707
0.23380613327026367
0.2740745544433594
0.2506444454193115
0.2817995548248291
0.6885521411895752
0.22589731216430664
0.20210504531860352
0.24821186065673828
0.6570234298706055
0.6568772792816162
0.553102970123291
0.39515256881713867
0.6651086807250977
0.27390456199645996
0.5149528980255127
0.38575172424316406
0.2182924747467041
0.3148839473724365
0.2580602169036865
0.25795650482177734
0.5130033493041992
0.2340090274810791
0.3059988021850586
0.24965643882751465
0.31374239921569824
0.21002864837646484
0.20218920707702637
0.4403214454650879
0.3216097354888916
0.20212411880493164
0.5297641754150391
0.23203158378601074
0.25807619094848633
0.44115400314331055
0.3296031951904297
0.5369420051574707
0.23380613327026367
0.2740745544433594
0.2506444454193115
0.2817995548248291
0.6885521411895752
0.22589731216430664
0.20210504531860352
0.24821186065673828
0.6570234298706055
0.6568772792816162
0.553102970123291
0.39515256881713867
0.6651086807250977
0.27390456199645996
0.5149528980255127
0.38575172424316406
0.2182924747467041
0.3148839473724365
0.2580602169036865
0.25795650482177734
0.24194097518920898
0.5130033493041992
0.2340090274810791
0.3059988021850586
0.24965643882751465
0.31374239921569824
0.21002864837646484
0.20218920707702637
0.4403214454650879
0.3216097354888916
0.20212411880493164
0.5297641754150391
0.23203158378601074
0.25807619094848633
0.44115400314331055
0.3296031951904297
0.5369420051574707
0.23380613327026367
0.2740745544433594
0.2506444454193115
0.2817995548248291
0.6885521411895752
0.22589731216430664
0.20210504531860352
0.24821186065673828
0.6570234298706055
0.6568772792816162
0.553102970123291
0.39515256881713867
0.6651086807250977
0.27390456199645996
0.5149528980255127
0.38575172424316406
0.2182924747467041
0.3148839473724365
0.2580602169036865
0.25795650482177734
0.24194097518920898
0.2110121250152588
0.5130033493041992
0.2340090274810791
0.3059988021850586
0.24965643882751465
0.31374239921569824
0.21002864837646484
0.20218920707702637
0.4403214454650879
0.3216097354888916
0.20212411880493164
0.5297641754150391
0.23203158378601074
0.25807619094848633
0.44115400314331055
0.3296031951904297
0.5369420051574707
0.23380613327026367
0.2740745544433594
0.2506444454193115
0.2817995548248291
0.6885521411895752
0.22589731216430664
0.20210504531860352
0.24821186065673828
0.6570234298706055
0.6568772792816162
0.553102970123291
0.39515256881713867
0.6651086807250977
0.27390456199645996
0.5149528980255127
0.38575172424316406
0.2182924747467041
0.3148839473724365
0.2580602169036865
0.25795650482177734
0.24194097518920898
0.2110121250152588
0.5130033493041992
0.2340090274810791
0.3059988021850586
0.24965643882751465
0.31374239921569824
0.21002864837646484
0.20218920707702637
0.4403214454650879
0.3216097354888916
0.20212411880493164
0.5297641754150391
0.23203158378601074
0.25807619094848633
0.44115400314331055
0.3296031951904297
0.5369420051574707
0.23380613327026367
0.2740745544433594
0.2506444454193115
0.2817995548248291
0.6885521411895752
0.22589731216430664
0.20210504531860352
0.24821186065673828
0.6570234298706055
0.6568772792816162
0.553102970123291
0.39515256881713867
0.6651086807250977
0.27390456199645996
0.5149528980255127
0.38575172424316406
0.2182924747467041
0.3148839473724365
0.2580602169036865
0.25795650482177734
0.24194097518920898
0.2110121250152588
0.25003576278686523
0.25719428062438965
0.32184600830078125