0.5230312347412109
0.321077823638916
0.39491844177246094
0.6693556308746338
0.3889503479003906
0.5263776779174805
0.21102118492126465
0.35334181785583496
0.24529695510864258
0.3552074432373047
0.45989561080932617
0.2478935718536377
0.2964491844177246
0.4752788543701172
0.20997858047485352
0.3336637020111084
0.3176229000091553
0.7602548599243164
0.2612185478210449
0.19189214706420898
0.2767820358276367
0.4643855094909668
0.33210325241088867
0.20145916938781738
0.30382275581359863
0.274489164352417
0.17615294456481934
0.17252659797668457
0.6337490081787109
0.307919979095459
0.2791430950164795
0.43498826026916504
0.35475993156433105
0.36986231803894043
0.24399328231811523
0.33388566970825195
0.4680929183959961
0.5800065994262695
0.25503969192504883
0.2216472625732422
0.4481191635131836
0.3203389644622803
0.29889750480651855
0.36412692070007324
0.26999664306640625
0.21620702743530273
0.2584645748138428
0.1934831142425537
0.3438913822174072
0.2927424907684326
0.2648146152496338
0.3090205192565918
0.17929887771606445
0.17558979988098145
0.631298303604126
0.5058853626251221
0.6011090278625488
0.1431894302368164
0.24097657203674316
0.25339531898498535
0.40058445930480957
0.7474000453948975
0.2872037887573242
0.3944683074951172
0.28598761558532715
0.5143067836761475
0.1953427791595459
0.20294427871704102