0.34686803817749023
0.34686803817749023
0.34686803817749023
0.34686803817749023
0.34686803817749023
0.34686803817749023
0.34686803817749023
0.34686803817749023
0.34686803817749023
0.34686803817749023
0.34686803817749023
0.30031561851501465
0.34686803817749023
0.30031561851501465
0.34686803817749023
0.30031561851501465
0.34686803817749023
0.30031561851501465
0.2673335075378418
0.34686803817749023
0.30031561851501465
0.2673335075378418
0.34686803817749023
0.30031561851501465
0.2673335075378418
0.34686803817749023
0.30031561851501465
0.2673335075378418
0.34686803817749023
0.30031561851501465
0.2673335075378418
0.34686803817749023
0.30031561851501465
0.2673335075378418
0.34686803817749023
0.30031561851501465
0.2673335075378418
0.34686803817749023
0.30031561851501465
0.2673335075378418
0.34686803817749023
0.30031561851501465
0.2673335075378418
0.34686803817749023
0.30031561851501465
0.2673335075378418
0.34686803817749023
0.30031561851501465
0.2673335075378418
0.34686803817749023
0.30031561851501465
0.2673335075378418
0.34686803817749023
0.30031561851501465
0.2673335075378418
0.25943827629089355
0.34686803817749023
0.30031561851501465
0.2673335075378418
0.25943827629089355
0.34686803817749023
0.30031561851501465
0.2673335075378418
0.25943827629089355