0.22002911567687988
0.22002911567687988
0.22002911567687988
0.22002911567687988
0.22002911567687988
1.4530754089355469
0.22002911567687988
1.4530754089355469
0.22002911567687988
1.4530754089355469
0.22002911567687988
1.4530754089355469
0.22002911567687988
1.4530754089355469
0.22002911567687988
1.4530754089355469
0.22002911567687988
1.4530754089355469
0.22002911567687988
1.4530754089355469
0.22002911567687988
1.4530754089355469
0.22002911567687988
1.4530754089355469
0.22002911567687988
1.4530754089355469
0.22002911567687988
1.4530754089355469
0.22002911567687988
1.4530754089355469
0.22002911567687988
1.4530754089355469
0.22002911567687988
1.4530754089355469
0.22002911567687988
1.4530754089355469
0.22002911567687988
1.4530754089355469
0.22002911567687988
1.4530754089355469
0.22002911567687988
1.4530754089355469
0.22002911567687988
1.4530754089355469
0.22002911567687988
1.4530754089355469
0.22002911567687988
1.4530754089355469