0.7353613376617432
0.7353613376617432
0.7353613376617432
0.7353613376617432
0.7353613376617432
0.7353613376617432
0.7353613376617432
0.7353613376617432
0.7353613376617432
0.7353613376617432
0.7353613376617432
0.7353613376617432
0.7353613376617432
0.7353613376617432
0.7353613376617432
0.7353613376617432
0.7353613376617432
0.7353613376617432
0.7353613376617432
0.7353613376617432
0.7353613376617432
0.7353613376617432
0.7353613376617432
0.7353613376617432
0.7353613376617432
0.7353613376617432
0.7353613376617432
0.7353613376617432
0.7353613376617432
0.7353613376617432
0.7353613376617432