0.21001219749450684
0.21001219749450684
0.21001219749450684
0.21001219749450684
0.21001219749450684
0.21001219749450684
0.21001219749450684
0.21001219749450684
0.21001219749450684
0.21001219749450684
0.21001219749450684
0.21001219749450684
0.21001219749450684
0.21001219749450684
0.21001219749450684
0.21001219749450684
0.21001219749450684
0.21001219749450684
0.21001219749450684
0.21001219749450684
0.21001219749450684
0.21001219749450684
0.21001219749450684
0.21001219749450684
0.21001219749450684
0.21001219749450684
0.21001219749450684
0.21001219749450684
0.21001219749450684