0.21772170066833496
0.21772170066833496
0.21772170066833496
0.21772170066833496
0.21772170066833496
0.21772170066833496
0.21772170066833496
0.21772170066833496
0.21772170066833496
0.21772170066833496
0.21772170066833496
0.21772170066833496
0.21772170066833496
0.21772170066833496
0.21772170066833496
0.21772170066833496
0.21772170066833496
0.21772170066833496
0.21772170066833496
0.21772170066833496
0.22609877586364746
0.21772170066833496
0.22609877586364746
0.21772170066833496
0.22609877586364746
0.21772170066833496
0.22609877586364746
0.19603395462036133
0.21772170066833496
0.22609877586364746
0.19603395462036133