0.17015862464904785
0.17015862464904785
0.17015862464904785
0.17015862464904785
0.17015862464904785
0.17015862464904785
0.17015862464904785
0.17015862464904785
0.17015862464904785
0.17015862464904785
0.17015862464904785
0.17015862464904785
0.17015862464904785
0.17015862464904785
0.17015862464904785
0.17015862464904785
0.17015862464904785
0.17015862464904785
0.17015862464904785
0.17015862464904785
0.17015862464904785
0.17015862464904785
0.17015862464904785
0.17015862464904785
0.17015862464904785
0.17015862464904785
0.17015862464904785
0.17015862464904785
0.17015862464904785