0.24018049240112305
0.24018049240112305
0.24018049240112305
0.24018049240112305
0.24018049240112305
0.24018049240112305
0.26428961753845215
0.2719419002532959
0.24018049240112305
0.26428961753845215
0.2719419002532959
0.27215075492858887
0.2796146869659424
0.24018049240112305
0.26428961753845215
0.2719419002532959
0.27215075492858887
0.2796146869659424
0.24018049240112305
0.26428961753845215
0.2719419002532959
0.27215075492858887
0.2796146869659424
0.23993468284606934
0.24018049240112305
0.26428961753845215
0.2719419002532959
0.27215075492858887
0.2796146869659424
0.23993468284606934
0.24018049240112305
0.26428961753845215
0.2719419002532959
0.27215075492858887
0.2796146869659424
0.23993468284606934
0.5345385074615479
0.24018049240112305
0.26428961753845215
0.2719419002532959
0.27215075492858887
0.2796146869659424
0.23993468284606934
0.5345385074615479
0.23201990127563477
0.3278310298919678
0.24018049240112305
0.26428961753845215
0.2719419002532959
0.27215075492858887
0.2796146869659424
0.23993468284606934
0.5345385074615479
0.23201990127563477
0.3278310298919678
0.24018049240112305
0.26428961753845215
0.2719419002532959
0.27215075492858887
0.2796146869659424
0.23993468284606934
0.5345385074615479
0.23201990127563477
0.3278310298919678
0.27190470695495605
0.23995447158813477
0.24018049240112305
0.26428961753845215
0.2719419002532959
0.27215075492858887
0.2796146869659424
0.23993468284606934
0.5345385074615479
0.23201990127563477
0.3278310298919678
0.27190470695495605
0.23995447158813477
0.24782276153564453
0.24018049240112305
0.26428961753845215
0.2719419002532959
0.27215075492858887
0.2796146869659424
0.23993468284606934
0.5345385074615479
0.23201990127563477
0.3278310298919678
0.27190470695495605
0.23995447158813477
0.24782276153564453
0.1922156810760498
0.24018049240112305
0.26428961753845215
0.2719419002532959
0.27215075492858887
0.2796146869659424
0.23993468284606934
0.5345385074615479
0.23201990127563477
0.3278310298919678
0.27190470695495605
0.23995447158813477
0.24782276153564453
0.1922156810760498
0.20825529098510742
0.24018049240112305
0.26428961753845215
0.2719419002532959
0.27215075492858887
0.2796146869659424
0.23993468284606934
0.5345385074615479
0.23201990127563477
0.3278310298919678
0.27190470695495605
0.23995447158813477
0.24782276153564453
0.1922156810760498
0.20825529098510742
0.34380435943603516
0.3122122287750244
0.24018049240112305
0.26428961753845215
0.2719419002532959
0.27215075492858887
0.2796146869659424
0.23993468284606934
0.5345385074615479
0.23201990127563477
0.3278310298919678
0.27190470695495605
0.23995447158813477
0.24782276153564453
0.1922156810760498
0.20825529098510742
0.34380435943603516
0.3122122287750244
0.24018049240112305
0.26428961753845215
0.2719419002532959
0.27215075492858887
0.2796146869659424
0.23993468284606934
0.5345385074615479
0.23201990127563477
0.3278310298919678
0.27190470695495605
0.23995447158813477
0.24782276153564453
0.1922156810760498
0.20825529098510742
0.34380435943603516
0.3122122287750244
0.2400350570678711
0.24018049240112305
0.26428961753845215
0.2719419002532959
0.27215075492858887
0.2796146869659424
0.23993468284606934
0.5345385074615479
0.23201990127563477
0.3278310298919678
0.27190470695495605
0.23995447158813477
0.24782276153564453
0.1922156810760498
0.20825529098510742
0.34380435943603516
0.3122122287750244
0.2400350570678711
0.24018049240112305
0.26428961753845215
0.2719419002532959
0.27215075492858887
0.2796146869659424
0.23993468284606934
0.5345385074615479
0.23201990127563477
0.3278310298919678
0.27190470695495605
0.23995447158813477
0.24782276153564453
0.1922156810760498
0.20825529098510742
0.34380435943603516
0.3122122287750244
0.2400350570678711
0.3200976848602295
0.22413325309753418
0.24018049240112305
0.26428961753845215
0.2719419002532959
0.27215075492858887
0.2796146869659424
0.23993468284606934
0.5345385074615479
0.23201990127563477
0.3278310298919678
0.27190470695495605
0.23995447158813477
0.24782276153564453
0.1922156810760498
0.20825529098510742
0.34380435943603516
0.3122122287750244
0.2400350570678711
0.3200976848602295
0.22413325309753418
0.29575014114379883
0.39157915115356445
0.24018049240112305
0.26428961753845215
0.2719419002532959
0.27215075492858887
0.2796146869659424
0.23993468284606934
0.5345385074615479
0.23201990127563477
0.3278310298919678
0.27190470695495605
0.23995447158813477
0.24782276153564453
0.1922156810760498
0.20825529098510742
0.34380435943603516
0.3122122287750244
0.2400350570678711
0.3200976848602295
0.22413325309753418
0.29575014114379883
0.39157915115356445
0.2799949645996094
0.30391931533813477
0.24018049240112305
0.26428961753845215
0.2719419002532959
0.27215075492858887
0.2796146869659424
0.23993468284606934
0.5345385074615479
0.23201990127563477
0.3278310298919678
0.27190470695495605
0.23995447158813477
0.24782276153564453
0.1922156810760498
0.20825529098510742
0.34380435943603516
0.3122122287750244
0.2400350570678711
0.3200976848602295
0.22413325309753418
0.29575014114379883
0.39157915115356445
0.2799949645996094
0.30391931533813477
0.22397208213806152
0.2561075687408447
0.24018049240112305
0.26428961753845215
0.2719419002532959
0.27215075492858887
0.2796146869659424
0.23993468284606934
0.5345385074615479
0.23201990127563477
0.3278310298919678
0.27190470695495605
0.23995447158813477
0.24782276153564453
0.1922156810760498
0.20825529098510742
0.34380435943603516
0.3122122287750244
0.2400350570678711
0.3200976848602295
0.22413325309753418
0.29575014114379883
0.39157915115356445
0.2799949645996094
0.30391931533813477
0.22397208213806152
0.2561075687408447
0.24018049240112305
0.26428961753845215
0.2719419002532959
0.27215075492858887
0.2796146869659424
0.23993468284606934
0.5345385074615479
0.23201990127563477
0.3278310298919678
0.27190470695495605
0.23995447158813477
0.24782276153564453
0.1922156810760498
0.20825529098510742
0.34380435943603516
0.3122122287750244
0.2400350570678711
0.3200976848602295
0.22413325309753418
0.29575014114379883
0.39157915115356445
0.2799949645996094
0.30391931533813477
0.22397208213806152
0.2561075687408447
0.24822783470153809
0.24018049240112305
0.26428961753845215
0.2719419002532959
0.27215075492858887
0.2796146869659424
0.23993468284606934
0.5345385074615479
0.23201990127563477
0.3278310298919678
0.27190470695495605
0.23995447158813477
0.24782276153564453
0.1922156810760498
0.20825529098510742
0.34380435943603516
0.3122122287750244
0.2400350570678711
0.3200976848602295
0.22413325309753418
0.29575014114379883
0.39157915115356445
0.2799949645996094
0.30391931533813477
0.22397208213806152
0.2561075687408447
0.24822783470153809
0.35968589782714844