0.23993515968322754
0.23993515968322754
0.23993515968322754
0.23993515968322754
0.23993515968322754
0.23993515968322754
0.23993515968322754
0.23993515968322754
0.23993515968322754
0.23993515968322754
0.23993515968322754
0.23993515968322754
0.23993515968322754
0.23993515968322754
0.23993515968322754
0.23993515968322754
0.23993515968322754
0.23993515968322754
0.4169464111328125
0.23993515968322754
0.4169464111328125
0.23993515968322754
0.4169464111328125
0.23993515968322754
0.4169464111328125
0.23993515968322754
0.4169464111328125
0.23993515968322754
0.4169464111328125
0.23993515968322754
0.4169464111328125
0.23993515968322754
0.4169464111328125
0.2167506217956543
0.23993515968322754
0.4169464111328125
0.2167506217956543
0.4550669193267822
0.23993515968322754
0.4169464111328125
0.2167506217956543
0.4550669193267822
0.23993515968322754
0.4169464111328125
0.2167506217956543
0.4550669193267822