0.3928384780883789
0.3928384780883789
0.4409055709838867
0.3928384780883789
0.4409055709838867
0.3220200538635254
0.3928384780883789
0.4409055709838867
0.3220200538635254
0.3928384780883789
0.4409055709838867
0.3220200538635254
1.2301857471466064
1.3257858753204346
0.3928384780883789
0.4409055709838867
0.3220200538635254
1.2301857471466064
1.3257858753204346
0.3928384780883789
0.4409055709838867
0.3220200538635254
1.2301857471466064
1.3257858753204346
0.3928384780883789
0.4409055709838867
0.3220200538635254
1.2301857471466064
1.3257858753204346
0.3928384780883789
0.4409055709838867
0.3220200538635254
1.2301857471466064
1.3257858753204346
0.5593488216400146
0.3928384780883789
0.4409055709838867
0.3220200538635254
1.2301857471466064
1.3257858753204346
0.5593488216400146
0.3928384780883789
0.4409055709838867
0.3220200538635254
1.2301857471466064
1.3257858753204346
0.5593488216400146
0.5450034141540527
0.3928384780883789
0.4409055709838867
0.3220200538635254
1.2301857471466064
1.3257858753204346
0.5593488216400146
0.5450034141540527
0.3928384780883789
0.4409055709838867
0.3220200538635254
1.2301857471466064
1.3257858753204346
0.5593488216400146
0.5450034141540527
0.3928384780883789
0.4409055709838867
0.3220200538635254
1.2301857471466064
1.3257858753204346
0.5593488216400146
0.5450034141540527
0.3928384780883789
0.4409055709838867
0.3220200538635254
1.2301857471466064
1.3257858753204346
0.5593488216400146
0.5450034141540527
0.4649016857147217
0.3928384780883789
0.4409055709838867
0.3220200538635254
1.2301857471466064
1.3257858753204346
0.5593488216400146
0.5450034141540527
0.4649016857147217
0.37866973876953125
0.3928384780883789
0.4409055709838867
0.3220200538635254
1.2301857471466064
1.3257858753204346
0.5593488216400146
0.5450034141540527
0.4649016857147217
0.37866973876953125
0.3928384780883789
0.4409055709838867
0.3220200538635254
1.2301857471466064
1.3257858753204346
0.5593488216400146
0.5450034141540527
0.4649016857147217
0.37866973876953125
0.3928384780883789
0.4409055709838867
0.3220200538635254
1.2301857471466064
1.3257858753204346
0.5593488216400146
0.5450034141540527
0.4649016857147217
0.37866973876953125
0.3928384780883789
0.4409055709838867
0.3220200538635254
1.2301857471466064
1.3257858753204346
0.5593488216400146
0.5450034141540527
0.4649016857147217
0.37866973876953125
1.186748743057251
0.3928384780883789
0.4409055709838867
0.3220200538635254
1.2301857471466064
1.3257858753204346
0.5593488216400146
0.5450034141540527
0.4649016857147217
0.37866973876953125
1.186748743057251
0.3928384780883789
0.4409055709838867
0.3220200538635254
1.2301857471466064
1.3257858753204346
0.5593488216400146
0.5450034141540527
0.4649016857147217
0.37866973876953125
1.186748743057251
0.3928384780883789
0.4409055709838867
0.3220200538635254
1.2301857471466064
1.3257858753204346
0.5593488216400146
0.5450034141540527
0.4649016857147217
0.37866973876953125
1.186748743057251
0.3928384780883789
0.4409055709838867
0.3220200538635254
1.2301857471466064
1.3257858753204346
0.5593488216400146
0.5450034141540527
0.4649016857147217
0.37866973876953125
1.186748743057251
0.38495922088623047
0.3928384780883789
0.4409055709838867
0.3220200538635254
1.2301857471466064
1.3257858753204346
0.5593488216400146
0.5450034141540527
0.4649016857147217
0.37866973876953125
1.186748743057251
0.38495922088623047
1.3173391819000244
0.3928384780883789
0.4409055709838867
0.3220200538635254
1.2301857471466064
1.3257858753204346
0.5593488216400146
0.5450034141540527
0.4649016857147217
0.37866973876953125
1.186748743057251
0.38495922088623047
1.3173391819000244