0.19333410263061523
0.19333410263061523
0.20105552673339844
0.19333410263061523
0.20105552673339844
0.19333410263061523
0.20105552673339844
0.19333410263061523
0.20105552673339844
0.19333410263061523
0.20105552673339844
0.2953498363494873
0.19333410263061523
0.20105552673339844
0.2953498363494873
0.5675272941589355
0.19333410263061523
0.20105552673339844
0.2953498363494873
0.5675272941589355
0.3118305206298828
0.19333410263061523
0.20105552673339844
0.2953498363494873
0.5675272941589355
0.3118305206298828
0.2879624366760254
0.19333410263061523
0.20105552673339844
0.2953498363494873
0.5675272941589355
0.3118305206298828
0.2879624366760254
0.616492748260498
0.26461291313171387
0.19333410263061523
0.20105552673339844
0.2953498363494873
0.5675272941589355
0.3118305206298828
0.2879624366760254
0.616492748260498
0.26461291313171387
0.19333410263061523
0.20105552673339844
0.2953498363494873
0.5675272941589355
0.3118305206298828
0.2879624366760254
0.616492748260498
0.26461291313171387
0.19333410263061523
0.20105552673339844
0.2953498363494873
0.5675272941589355
0.3118305206298828
0.2879624366760254
0.616492748260498
0.26461291313171387
0.19333410263061523
0.20105552673339844
0.2953498363494873
0.5675272941589355
0.3118305206298828
0.2879624366760254
0.616492748260498
0.26461291313171387
0.19333410263061523
0.20105552673339844
0.2953498363494873
0.5675272941589355
0.3118305206298828
0.2879624366760254
0.616492748260498
0.26461291313171387
0.19333410263061523
0.20105552673339844
0.2953498363494873
0.5675272941589355
0.3118305206298828
0.2879624366760254
0.616492748260498
0.26461291313171387
0.19333410263061523
0.20105552673339844
0.2953498363494873
0.5675272941589355
0.3118305206298828
0.2879624366760254
0.616492748260498
0.26461291313171387
0.19333410263061523
0.20105552673339844
0.2953498363494873
0.5675272941589355
0.3118305206298828
0.2879624366760254
0.616492748260498
0.26461291313171387
0.19333410263061523
0.20105552673339844
0.2953498363494873
0.5675272941589355
0.3118305206298828
0.2879624366760254
0.616492748260498
0.26461291313171387
0.19333410263061523
0.20105552673339844
0.2953498363494873
0.5675272941589355
0.3118305206298828
0.2879624366760254
0.616492748260498
0.26461291313171387
0.4485142230987549
0.19333410263061523
0.20105552673339844
0.2953498363494873
0.5675272941589355
0.3118305206298828
0.2879624366760254
0.616492748260498
0.26461291313171387
0.4485142230987549
0.19333410263061523
0.20105552673339844
0.2953498363494873
0.5675272941589355
0.3118305206298828
0.2879624366760254
0.616492748260498
0.26461291313171387
0.4485142230987549
0.19333410263061523
0.20105552673339844
0.2953498363494873
0.5675272941589355
0.3118305206298828
0.2879624366760254
0.616492748260498
0.26461291313171387
0.4485142230987549
0.19333410263061523
0.20105552673339844
0.2953498363494873
0.5675272941589355
0.3118305206298828
0.2879624366760254
0.616492748260498
0.26461291313171387
0.4485142230987549
0.19333410263061523
0.20105552673339844
0.2953498363494873
0.5675272941589355
0.3118305206298828
0.2879624366760254
0.616492748260498
0.26461291313171387
0.4485142230987549
0.19333410263061523
0.20105552673339844
0.2953498363494873
0.5675272941589355
0.3118305206298828
0.2879624366760254
0.616492748260498
0.26461291313171387
0.4485142230987549
0.2713911533355713
0.19333410263061523
0.20105552673339844
0.2953498363494873
0.5675272941589355
0.3118305206298828
0.2879624366760254
0.616492748260498
0.26461291313171387
0.4485142230987549
0.2713911533355713
0.19333410263061523
0.20105552673339844
0.2953498363494873
0.5675272941589355
0.3118305206298828
0.2879624366760254
0.616492748260498
0.26461291313171387
0.4485142230987549
0.2713911533355713
0.19333410263061523
0.20105552673339844
0.2953498363494873
0.5675272941589355
0.3118305206298828
0.2879624366760254
0.616492748260498
0.26461291313171387
0.4485142230987549
0.2713911533355713
0.19333410263061523
0.20105552673339844
0.2953498363494873
0.5675272941589355
0.3118305206298828
0.2879624366760254
0.616492748260498
0.26461291313171387
0.4485142230987549
0.2713911533355713