0.33754634857177734
0.33754634857177734
0.33754634857177734
0.33754634857177734
0.33754634857177734
0.33754634857177734
0.33754634857177734
0.33754634857177734
0.33754634857177734
0.33754634857177734
0.31187891960144043
0.33754634857177734
0.31187891960144043
0.33754634857177734
0.31187891960144043
0.33754634857177734
0.31187891960144043
0.33754634857177734
0.31187891960144043
0.33754634857177734
0.31187891960144043
0.2815077304840088
0.33754634857177734
0.31187891960144043
0.2815077304840088
0.33754634857177734
0.31187891960144043
0.2815077304840088
0.33754634857177734
0.31187891960144043
0.2815077304840088
0.33754634857177734
0.31187891960144043
0.2815077304840088
0.33754634857177734
0.31187891960144043
0.2815077304840088
0.5511634349822998
0.33754634857177734
0.31187891960144043
0.2815077304840088
0.5511634349822998
0.2400975227355957
0.33754634857177734
0.31187891960144043
0.2815077304840088
0.5511634349822998
0.2400975227355957
0.33754634857177734
0.31187891960144043
0.2815077304840088
0.5511634349822998
0.2400975227355957