2.2407166957855225
2.2407166957855225
0.15284299850463867
2.2407166957855225
0.15284299850463867
3.2254183292388916
2.2407166957855225
0.15284299850463867
3.2254183292388916
1.2530171871185303
2.2407166957855225
0.15284299850463867
3.2254183292388916
1.2530171871185303
1.1796753406524658
2.2407166957855225
0.15284299850463867
3.2254183292388916
1.2530171871185303
1.1796753406524658
2.2407166957855225
0.15284299850463867
3.2254183292388916
1.2530171871185303
1.1796753406524658
2.2407166957855225
0.15284299850463867
3.2254183292388916
1.2530171871185303
1.1796753406524658
2.2407166957855225
0.15284299850463867
3.2254183292388916
1.2530171871185303
1.1796753406524658
2.2407166957855225
0.15284299850463867
3.2254183292388916
1.2530171871185303
1.1796753406524658
2.2407166957855225
0.15284299850463867
3.2254183292388916
1.2530171871185303
1.1796753406524658
0.30298495292663574
2.2407166957855225
0.15284299850463867
3.2254183292388916
1.2530171871185303
1.1796753406524658
0.30298495292663574
2.2407166957855225
0.15284299850463867
3.2254183292388916
1.2530171871185303
1.1796753406524658
0.30298495292663574
2.2407166957855225
0.15284299850463867
3.2254183292388916
1.2530171871185303
1.1796753406524658
0.30298495292663574
2.2407166957855225
0.15284299850463867
3.2254183292388916
1.2530171871185303
1.1796753406524658
0.30298495292663574
2.2407166957855225
0.15284299850463867
3.2254183292388916
1.2530171871185303
1.1796753406524658
0.30298495292663574
2.2407166957855225
0.15284299850463867
3.2254183292388916
1.2530171871185303
1.1796753406524658
0.30298495292663574
2.2407166957855225
0.15284299850463867
3.2254183292388916
1.2530171871185303
1.1796753406524658
0.30298495292663574
2.2407166957855225
0.15284299850463867
3.2254183292388916
1.2530171871185303
1.1796753406524658
0.30298495292663574
3.9111416339874268
2.2407166957855225
0.15284299850463867
3.2254183292388916
1.2530171871185303
1.1796753406524658
0.30298495292663574
3.9111416339874268
2.2407166957855225
0.15284299850463867
3.2254183292388916
1.2530171871185303
1.1796753406524658
0.30298495292663574
3.9111416339874268
2.2407166957855225
0.15284299850463867
3.2254183292388916
1.2530171871185303
1.1796753406524658
0.30298495292663574
3.9111416339874268
2.2407166957855225
0.15284299850463867
3.2254183292388916
1.2530171871185303
1.1796753406524658
0.30298495292663574
3.9111416339874268
2.2407166957855225
0.15284299850463867
3.2254183292388916
1.2530171871185303
1.1796753406524658
0.30298495292663574
3.9111416339874268
1.2523300647735596
2.2407166957855225
0.15284299850463867
3.2254183292388916
1.2530171871185303
1.1796753406524658
0.30298495292663574
3.9111416339874268
1.2523300647735596
2.2407166957855225
0.15284299850463867
3.2254183292388916
1.2530171871185303
1.1796753406524658
0.30298495292663574
3.9111416339874268
1.2523300647735596
2.2407166957855225
0.15284299850463867
3.2254183292388916
1.2530171871185303
1.1796753406524658
0.30298495292663574
3.9111416339874268
1.2523300647735596
1.146562099456787
2.2407166957855225
0.15284299850463867
3.2254183292388916
1.2530171871185303
1.1796753406524658
0.30298495292663574
3.9111416339874268
1.2523300647735596
1.146562099456787
2.2407166957855225
0.15284299850463867
3.2254183292388916
1.2530171871185303
1.1796753406524658
0.30298495292663574
3.9111416339874268
1.2523300647735596
1.146562099456787
2.2407166957855225
0.15284299850463867
3.2254183292388916
1.2530171871185303
1.1796753406524658
0.30298495292663574
3.9111416339874268
1.2523300647735596
1.146562099456787