0.18683648109436035
0.18683648109436035
0.18683648109436035
0.18683648109436035
0.18683648109436035
0.18683648109436035
0.18683648109436035
0.18683648109436035
0.18683648109436035
0.18683648109436035
0.18683648109436035
0.18683648109436035
0.18683648109436035
0.18683648109436035
0.18683648109436035
0.18683648109436035
0.18683648109436035
0.18683648109436035
0.18683648109436035
0.18683648109436035
0.18683648109436035
0.18683648109436035
0.18683648109436035
0.18683648109436035
0.18683648109436035
0.18683648109436035
0.18683648109436035
0.18683648109436035
0.18683648109436035
0.18683648109436035