0.22141385078430176
0.22141385078430176
0.22128510475158691
0.2135143280029297
0.23627853393554688
0.26096105575561523
0.22141385078430176
0.22128510475158691
0.2135143280029297
0.23627853393554688
0.26096105575561523
0.2534770965576172
0.2454986572265625
0.22141385078430176
0.22128510475158691
0.2135143280029297
0.23627853393554688
0.26096105575561523
0.2534770965576172
0.2454986572265625
0.18100237846374512
0.22141385078430176
0.22128510475158691
0.2135143280029297
0.23627853393554688
0.26096105575561523
0.2534770965576172
0.2454986572265625
0.18100237846374512
0.38897204399108887
0.22141385078430176
0.22128510475158691
0.2135143280029297
0.23627853393554688
0.26096105575561523
0.2534770965576172
0.2454986572265625
0.18100237846374512
0.38897204399108887
0.2051103115081787
0.22141385078430176
0.22128510475158691
0.2135143280029297
0.23627853393554688
0.26096105575561523
0.2534770965576172
0.2454986572265625
0.18100237846374512
0.38897204399108887
0.2051103115081787
0.11782383918762207
0.22141385078430176
0.22128510475158691
0.2135143280029297
0.23627853393554688
0.26096105575561523
0.2534770965576172
0.2454986572265625
0.18100237846374512
0.38897204399108887
0.2051103115081787
0.11782383918762207
0.22141385078430176
0.22128510475158691
0.2135143280029297
0.23627853393554688
0.26096105575561523
0.2534770965576172
0.2454986572265625
0.18100237846374512
0.38897204399108887
0.2051103115081787
0.11782383918762207
0.2527034282684326
0.22141385078430176
0.22128510475158691
0.2135143280029297
0.23627853393554688
0.26096105575561523
0.2534770965576172
0.2454986572265625
0.18100237846374512
0.38897204399108887
0.2051103115081787
0.11782383918762207
0.2527034282684326
0.22141385078430176
0.22128510475158691
0.2135143280029297
0.23627853393554688
0.26096105575561523
0.2534770965576172
0.2454986572265625
0.18100237846374512
0.38897204399108887
0.2051103115081787
0.11782383918762207
0.2527034282684326
0.2769889831542969
0.22141385078430176
0.22128510475158691
0.2135143280029297
0.23627853393554688
0.26096105575561523
0.2534770965576172
0.2454986572265625
0.18100237846374512
0.38897204399108887
0.2051103115081787
0.11782383918762207
0.2527034282684326
0.2769889831542969
0.27690649032592773
0.2052147388458252
0.22141385078430176
0.22128510475158691
0.2135143280029297
0.23627853393554688
0.26096105575561523
0.2534770965576172
0.2454986572265625
0.18100237846374512
0.38897204399108887
0.2051103115081787
0.11782383918762207
0.2527034282684326
0.2769889831542969
0.27690649032592773
0.2052147388458252
0.22141385078430176
0.22128510475158691
0.2135143280029297
0.23627853393554688
0.26096105575561523
0.2534770965576172
0.2454986572265625
0.18100237846374512
0.38897204399108887
0.2051103115081787
0.11782383918762207
0.2527034282684326
0.2769889831542969
0.27690649032592773
0.2052147388458252
0.25280046463012695
0.22141385078430176
0.22128510475158691
0.2135143280029297
0.23627853393554688
0.26096105575561523
0.2534770965576172
0.2454986572265625
0.18100237846374512
0.38897204399108887
0.2051103115081787
0.11782383918762207
0.2527034282684326
0.2769889831542969
0.27690649032592773
0.2052147388458252
0.25280046463012695
0.22881293296813965
0.22141385078430176
0.22128510475158691
0.2135143280029297
0.23627853393554688
0.26096105575561523
0.2534770965576172
0.2454986572265625
0.18100237846374512
0.38897204399108887
0.2051103115081787
0.11782383918762207
0.2527034282684326
0.2769889831542969
0.27690649032592773
0.2052147388458252
0.25280046463012695
0.22881293296813965
0.22141385078430176
0.22128510475158691
0.2135143280029297
0.23627853393554688
0.26096105575561523
0.2534770965576172
0.2454986572265625
0.18100237846374512
0.38897204399108887
0.2051103115081787
0.11782383918762207
0.2527034282684326
0.2769889831542969
0.27690649032592773
0.2052147388458252
0.25280046463012695
0.22881293296813965
0.244797945022583
0.22141385078430176
0.22128510475158691
0.2135143280029297
0.23627853393554688
0.26096105575561523
0.2534770965576172
0.2454986572265625
0.18100237846374512
0.38897204399108887
0.2051103115081787
0.11782383918762207
0.2527034282684326
0.2769889831542969
0.27690649032592773
0.2052147388458252
0.25280046463012695
0.22881293296813965
0.244797945022583
0.26935768127441406
0.22141385078430176
0.22128510475158691
0.2135143280029297
0.23627853393554688
0.26096105575561523
0.2534770965576172
0.2454986572265625
0.18100237846374512
0.38897204399108887
0.2051103115081787
0.11782383918762207
0.2527034282684326
0.2769889831542969
0.27690649032592773
0.2052147388458252
0.25280046463012695
0.22881293296813965
0.244797945022583
0.26935768127441406
0.2532188892364502
0.22141385078430176
0.22128510475158691
0.2135143280029297
0.23627853393554688
0.26096105575561523
0.2534770965576172
0.2454986572265625
0.18100237846374512
0.38897204399108887
0.2051103115081787
0.11782383918762207
0.2527034282684326
0.2769889831542969
0.27690649032592773
0.2052147388458252
0.25280046463012695
0.22881293296813965
0.244797945022583
0.26935768127441406
0.2532188892364502
0.22141385078430176
0.22128510475158691
0.2135143280029297
0.23627853393554688
0.26096105575561523
0.2534770965576172
0.2454986572265625
0.18100237846374512
0.38897204399108887
0.2051103115081787
0.11782383918762207
0.2527034282684326
0.2769889831542969
0.27690649032592773
0.2052147388458252
0.25280046463012695
0.22881293296813965
0.244797945022583
0.26935768127441406
0.2532188892364502
0.2920873165130615
0.22141385078430176
0.22128510475158691
0.2135143280029297
0.23627853393554688
0.26096105575561523
0.2534770965576172
0.2454986572265625
0.18100237846374512
0.38897204399108887
0.2051103115081787
0.11782383918762207
0.2527034282684326
0.2769889831542969
0.27690649032592773
0.2052147388458252
0.25280046463012695
0.22881293296813965
0.244797945022583
0.26935768127441406
0.2532188892364502
0.2920873165130615
0.23784422874450684
0.22141385078430176
0.22128510475158691
0.2135143280029297
0.23627853393554688
0.26096105575561523
0.2534770965576172
0.2454986572265625
0.18100237846374512
0.38897204399108887
0.2051103115081787
0.11782383918762207
0.2527034282684326
0.2769889831542969
0.27690649032592773
0.2052147388458252
0.25280046463012695
0.22881293296813965
0.244797945022583
0.26935768127441406
0.2532188892364502
0.2920873165130615
0.23784422874450684
0.28780221939086914
0.22141385078430176
0.22128510475158691
0.2135143280029297
0.23627853393554688
0.26096105575561523
0.2534770965576172
0.2454986572265625
0.18100237846374512
0.38897204399108887
0.2051103115081787
0.11782383918762207
0.2527034282684326
0.2769889831542969
0.27690649032592773
0.2052147388458252
0.25280046463012695
0.22881293296813965
0.244797945022583
0.26935768127441406
0.2532188892364502
0.2920873165130615
0.23784422874450684
0.28780221939086914
0.22929096221923828
0.22141385078430176
0.22128510475158691
0.2135143280029297
0.23627853393554688
0.26096105575561523
0.2534770965576172
0.2454986572265625
0.18100237846374512
0.38897204399108887
0.2051103115081787
0.11782383918762207
0.2527034282684326
0.2769889831542969
0.27690649032592773
0.2052147388458252
0.25280046463012695
0.22881293296813965
0.244797945022583
0.26935768127441406
0.2532188892364502
0.2920873165130615
0.23784422874450684
0.28780221939086914
0.22929096221923828
0.23665261268615723
0.2853846549987793
0.22141385078430176
0.22128510475158691
0.2135143280029297
0.23627853393554688
0.26096105575561523
0.2534770965576172
0.2454986572265625
0.18100237846374512
0.38897204399108887
0.2051103115081787
0.11782383918762207
0.2527034282684326
0.2769889831542969
0.27690649032592773
0.2052147388458252
0.25280046463012695
0.22881293296813965
0.244797945022583
0.26935768127441406
0.2532188892364502
0.2920873165130615
0.23784422874450684
0.28780221939086914
0.22929096221923828
0.23665261268615723
0.2853846549987793
0.21384024620056152
0.22141385078430176
0.22128510475158691
0.2135143280029297
0.23627853393554688
0.26096105575561523
0.2534770965576172
0.2454986572265625
0.18100237846374512
0.38897204399108887
0.2051103115081787
0.11782383918762207
0.2527034282684326
0.2769889831542969
0.27690649032592773
0.2052147388458252
0.25280046463012695
0.22881293296813965
0.244797945022583
0.26935768127441406
0.2532188892364502
0.2920873165130615
0.23784422874450684
0.28780221939086914
0.22929096221923828
0.23665261268615723
0.2853846549987793
0.21384024620056152
0.22141385078430176
0.22128510475158691
0.2135143280029297
0.23627853393554688
0.26096105575561523
0.2534770965576172
0.2454986572265625
0.18100237846374512
0.38897204399108887
0.2051103115081787
0.11782383918762207
0.2527034282684326
0.2769889831542969
0.27690649032592773
0.2052147388458252
0.25280046463012695
0.22881293296813965
0.244797945022583
0.26935768127441406
0.2532188892364502
0.2920873165130615
0.23784422874450684
0.28780221939086914
0.22929096221923828
0.23665261268615723
0.2853846549987793
0.21384024620056152
0.20523285865783691
0.22141385078430176
0.22128510475158691
0.2135143280029297
0.23627853393554688
0.26096105575561523
0.2534770965576172
0.2454986572265625
0.18100237846374512
0.38897204399108887
0.2051103115081787
0.11782383918762207
0.2527034282684326
0.2769889831542969
0.27690649032592773
0.2052147388458252
0.25280046463012695
0.22881293296813965
0.244797945022583
0.26935768127441406
0.2532188892364502
0.2920873165130615
0.23784422874450684
0.28780221939086914
0.22929096221923828
0.23665261268615723
0.2853846549987793
0.21384024620056152
0.20523285865783691
0.2057185173034668
0.21304750442504883
0.22141385078430176
0.22128510475158691
0.2135143280029297
0.23627853393554688
0.26096105575561523
0.2534770965576172
0.2454986572265625
0.18100237846374512
0.38897204399108887
0.2051103115081787
0.11782383918762207
0.2527034282684326
0.2769889831542969
0.27690649032592773
0.2052147388458252
0.25280046463012695
0.22881293296813965
0.244797945022583
0.26935768127441406
0.2532188892364502
0.2920873165130615
0.23784422874450684
0.28780221939086914
0.22929096221923828
0.23665261268615723
0.2853846549987793
0.21384024620056152
0.20523285865783691
0.2057185173034668
0.21304750442504883
0.2285442352294922