0.23139309883117676
0.23139309883117676
0.23139309883117676
0.23139309883117676
0.23139309883117676
0.23139309883117676
0.23139309883117676
0.23139309883117676
0.23139309883117676
0.23139309883117676
0.23139309883117676
0.23139309883117676
0.23139309883117676
0.23139309883117676
0.23139309883117676
0.23139309883117676
0.23139309883117676
0.23139309883117676
0.23139309883117676
0.23139309883117676
0.23139309883117676
0.23139309883117676
0.23139309883117676
0.23139309883117676
0.23139309883117676
0.23139309883117676
0.23139309883117676
0.23139309883117676
0.23139309883117676