0.1500701904296875
0.1500701904296875
0.1500701904296875
0.1500701904296875
0.1500701904296875
0.1500701904296875
0.1500701904296875
0.1500701904296875
0.17316341400146484
0.1500701904296875
0.17316341400146484
0.1500701904296875
0.17316341400146484
0.6995079517364502
0.1500701904296875
0.17316341400146484
0.6995079517364502
0.1500701904296875
0.17316341400146484
0.6995079517364502
0.1500701904296875
0.17316341400146484
0.6995079517364502
0.1500701904296875
0.17316341400146484
0.6995079517364502
0.1500701904296875
0.17316341400146484
0.6995079517364502
0.1500701904296875
0.17316341400146484
0.6995079517364502
0.1500701904296875
0.17316341400146484
0.6995079517364502
0.1500701904296875
0.17316341400146484
0.6995079517364502
0.1817920207977295
0.1500701904296875
0.17316341400146484
0.6995079517364502
0.1817920207977295
0.1500701904296875
0.17316341400146484
0.6995079517364502
0.1817920207977295
0.1500701904296875
0.17316341400146484
0.6995079517364502
0.1817920207977295
0.1812143325805664
0.1500701904296875
0.17316341400146484
0.6995079517364502
0.1817920207977295
0.1812143325805664
0.1891636848449707
0.1500701904296875
0.17316341400146484
0.6995079517364502
0.1817920207977295
0.1812143325805664
0.1891636848449707
0.1500701904296875
0.17316341400146484
0.6995079517364502
0.1817920207977295
0.1812143325805664
0.1891636848449707
0.1500701904296875
0.17316341400146484
0.6995079517364502
0.1817920207977295
0.1812143325805664
0.1891636848449707
0.1500701904296875
0.17316341400146484
0.6995079517364502
0.1817920207977295
0.1812143325805664
0.1891636848449707
0.19613409042358398
0.1500701904296875
0.17316341400146484
0.6995079517364502
0.1817920207977295
0.1812143325805664
0.1891636848449707
0.19613409042358398
0.1500701904296875
0.17316341400146484
0.6995079517364502
0.1817920207977295
0.1812143325805664
0.1891636848449707
0.19613409042358398
0.1500701904296875
0.17316341400146484
0.6995079517364502
0.1817920207977295
0.1812143325805664
0.1891636848449707
0.19613409042358398