0.28191590309143066
0.28191590309143066
0.28191590309143066
0.28191590309143066
0.28191590309143066
0.28191590309143066
0.4320070743560791
0.28191590309143066
0.4320070743560791
0.28191590309143066
0.4320070743560791
0.28191590309143066
0.4320070743560791
0.28191590309143066
0.4320070743560791
0.28191590309143066
0.4320070743560791
0.28191590309143066
0.4320070743560791
0.28191590309143066
0.4320070743560791
0.28191590309143066
0.4320070743560791
0.28191590309143066
0.4320070743560791
0.28191590309143066
0.4320070743560791
0.28191590309143066
0.4320070743560791
0.28191590309143066
0.4320070743560791
0.28191590309143066
0.4320070743560791
0.28191590309143066
0.4320070743560791
0.28191590309143066
0.4320070743560791
0.28191590309143066
0.4320070743560791
0.28191590309143066
0.4320070743560791
0.28191590309143066
0.4320070743560791
0.28191590309143066
0.4320070743560791
0.28191590309143066
0.4320070743560791
0.28191590309143066
0.4320070743560791
0.28191590309143066
0.4320070743560791
0.36057567596435547
0.28191590309143066
0.4320070743560791
0.36057567596435547