0.28632187843322754
0.2858109474182129
0.40538716316223145
0.28632187843322754
0.2858109474182129
0.40538716316223145
0.28632187843322754
0.2858109474182129
0.40538716316223145
0.36455774307250977
0.28632187843322754
0.2858109474182129
0.40538716316223145
0.36455774307250977
0.28632187843322754
0.2858109474182129
0.40538716316223145
0.36455774307250977
0.6766278743743896
0.28632187843322754
0.2858109474182129
0.40538716316223145
0.36455774307250977
0.6766278743743896
0.28632187843322754
0.2858109474182129
0.40538716316223145
0.36455774307250977
0.6766278743743896
0.28632187843322754
0.2858109474182129
0.40538716316223145
0.36455774307250977
0.6766278743743896
0.5096848011016846
0.28632187843322754
0.2858109474182129
0.40538716316223145
0.36455774307250977
0.6766278743743896
0.5096848011016846
0.28632187843322754
0.2858109474182129
0.40538716316223145
0.36455774307250977
0.6766278743743896
0.5096848011016846
0.3609771728515625
0.28632187843322754
0.2858109474182129
0.40538716316223145
0.36455774307250977
0.6766278743743896
0.5096848011016846
0.3609771728515625
0.3986704349517822
0.28632187843322754
0.2858109474182129
0.40538716316223145
0.36455774307250977
0.6766278743743896
0.5096848011016846
0.3609771728515625
0.3986704349517822
0.28632187843322754
0.2858109474182129
0.40538716316223145
0.36455774307250977
0.6766278743743896
0.5096848011016846
0.3609771728515625
0.3986704349517822
0.8683168888092041
0.7009038925170898
0.6365618705749512
0.28632187843322754
0.2858109474182129
0.40538716316223145
0.36455774307250977
0.6766278743743896
0.5096848011016846
0.3609771728515625
0.3986704349517822
0.8683168888092041
0.7009038925170898
0.6365618705749512
0.3739006519317627
0.28632187843322754
0.2858109474182129
0.40538716316223145
0.36455774307250977
0.6766278743743896
0.5096848011016846
0.3609771728515625
0.3986704349517822
0.8683168888092041
0.7009038925170898
0.6365618705749512
0.3739006519317627
0.8758234977722168
0.3935682773590088
0.28632187843322754
0.2858109474182129
0.40538716316223145
0.36455774307250977
0.6766278743743896
0.5096848011016846
0.3609771728515625
0.3986704349517822
0.8683168888092041
0.7009038925170898
0.6365618705749512
0.3739006519317627
0.8758234977722168
0.3935682773590088
0.5330977439880371
0.28632187843322754
0.2858109474182129
0.40538716316223145
0.36455774307250977
0.6766278743743896
0.5096848011016846
0.3609771728515625
0.3986704349517822
0.8683168888092041
0.7009038925170898
0.6365618705749512
0.3739006519317627
0.8758234977722168
0.3935682773590088
0.5330977439880371
0.28632187843322754
0.2858109474182129
0.40538716316223145
0.36455774307250977
0.6766278743743896
0.5096848011016846
0.3609771728515625
0.3986704349517822
0.8683168888092041
0.7009038925170898
0.6365618705749512
0.3739006519317627
0.8758234977722168
0.3935682773590088
0.5330977439880371
0.28632187843322754
0.2858109474182129
0.40538716316223145
0.36455774307250977
0.6766278743743896
0.5096848011016846
0.3609771728515625
0.3986704349517822
0.8683168888092041
0.7009038925170898
0.6365618705749512
0.3739006519317627
0.8758234977722168
0.3935682773590088
0.5330977439880371
0.8046338558197021
0.28632187843322754
0.2858109474182129
0.40538716316223145
0.36455774307250977
0.6766278743743896
0.5096848011016846
0.3609771728515625
0.3986704349517822
0.8683168888092041
0.7009038925170898
0.6365618705749512
0.3739006519317627
0.8758234977722168
0.3935682773590088
0.5330977439880371
0.8046338558197021
0.29291605949401855
0.6690282821655273
0.28632187843322754
0.2858109474182129
0.40538716316223145
0.36455774307250977
0.6766278743743896
0.5096848011016846
0.3609771728515625
0.3986704349517822
0.8683168888092041
0.7009038925170898
0.6365618705749512
0.3739006519317627
0.8758234977722168
0.3935682773590088
0.5330977439880371
0.8046338558197021
0.29291605949401855
0.6690282821655273
0.32581210136413574
0.28632187843322754
0.2858109474182129
0.40538716316223145
0.36455774307250977
0.6766278743743896
0.5096848011016846
0.3609771728515625
0.3986704349517822
0.8683168888092041
0.7009038925170898
0.6365618705749512
0.3739006519317627
0.8758234977722168
0.3935682773590088
0.5330977439880371
0.8046338558197021
0.29291605949401855
0.6690282821655273
0.32581210136413574
0.26973748207092285
0.28632187843322754
0.2858109474182129
0.40538716316223145
0.36455774307250977
0.6766278743743896
0.5096848011016846
0.3609771728515625
0.3986704349517822
0.8683168888092041
0.7009038925170898
0.6365618705749512
0.3739006519317627
0.8758234977722168
0.3935682773590088
0.5330977439880371
0.8046338558197021
0.29291605949401855
0.6690282821655273
0.32581210136413574
0.26973748207092285
0.6687731742858887
0.28632187843322754
0.2858109474182129
0.40538716316223145
0.36455774307250977
0.6766278743743896
0.5096848011016846
0.3609771728515625
0.3986704349517822
0.8683168888092041
0.7009038925170898
0.6365618705749512
0.3739006519317627
0.8758234977722168
0.3935682773590088
0.5330977439880371
0.8046338558197021
0.29291605949401855
0.6690282821655273
0.32581210136413574
0.26973748207092285
0.6687731742858887
0.40662717819213867
0.28632187843322754
0.2858109474182129
0.40538716316223145
0.36455774307250977
0.6766278743743896
0.5096848011016846
0.3609771728515625
0.3986704349517822
0.8683168888092041
0.7009038925170898
0.6365618705749512
0.3739006519317627
0.8758234977722168
0.3935682773590088
0.5330977439880371
0.8046338558197021
0.29291605949401855
0.6690282821655273
0.32581210136413574
0.26973748207092285
0.6687731742858887
0.40662717819213867
0.28632187843322754
0.2858109474182129
0.40538716316223145
0.36455774307250977
0.6766278743743896
0.5096848011016846
0.3609771728515625
0.3986704349517822
0.8683168888092041
0.7009038925170898
0.6365618705749512
0.3739006519317627
0.8758234977722168
0.3935682773590088
0.5330977439880371
0.8046338558197021
0.29291605949401855
0.6690282821655273
0.32581210136413574
0.26973748207092285
0.6687731742858887
0.40662717819213867
0.6611068248748779
0.28632187843322754
0.2858109474182129
0.40538716316223145
0.36455774307250977
0.6766278743743896
0.5096848011016846
0.3609771728515625
0.3986704349517822
0.8683168888092041
0.7009038925170898
0.6365618705749512
0.3739006519317627
0.8758234977722168
0.3935682773590088
0.5330977439880371
0.8046338558197021
0.29291605949401855
0.6690282821655273
0.32581210136413574
0.26973748207092285
0.6687731742858887
0.40662717819213867
0.6611068248748779
0.63077712059021
0.28632187843322754
0.2858109474182129
0.40538716316223145
0.36455774307250977
0.6766278743743896
0.5096848011016846
0.3609771728515625
0.3986704349517822
0.8683168888092041
0.7009038925170898
0.6365618705749512
0.3739006519317627
0.8758234977722168
0.3935682773590088
0.5330977439880371
0.8046338558197021
0.29291605949401855
0.6690282821655273
0.32581210136413574
0.26973748207092285
0.6687731742858887
0.40662717819213867
0.6611068248748779
0.63077712059021
0.8364920616149902
0.28632187843322754
0.2858109474182129
0.40538716316223145
0.36455774307250977
0.6766278743743896
0.5096848011016846
0.3609771728515625
0.3986704349517822
0.8683168888092041
0.7009038925170898
0.6365618705749512
0.3739006519317627
0.8758234977722168
0.3935682773590088
0.5330977439880371
0.8046338558197021
0.29291605949401855
0.6690282821655273
0.32581210136413574
0.26973748207092285
0.6687731742858887
0.40662717819213867
0.6611068248748779
0.63077712059021
0.8364920616149902
0.5917835235595703