0.33835840225219727
0.33835840225219727
0.33835840225219727
0.2093958854675293
0.9110336303710938
1.0865106582641602
0.33835840225219727
0.2093958854675293
0.9110336303710938
1.0865106582641602
0.33835840225219727
0.2093958854675293
0.9110336303710938
1.0865106582641602
0.33835840225219727
0.2093958854675293
0.9110336303710938
1.0865106582641602
0.33835840225219727
0.2093958854675293
0.9110336303710938
1.0865106582641602
0.33835840225219727
0.2093958854675293
0.9110336303710938
1.0865106582641602
0.33835840225219727
0.2093958854675293
0.9110336303710938
1.0865106582641602
0.33835840225219727
0.2093958854675293
0.9110336303710938
1.0865106582641602
0.33835840225219727
0.2093958854675293
0.9110336303710938
1.0865106582641602
0.33835840225219727
0.2093958854675293
0.9110336303710938
1.0865106582641602
0.33835840225219727
0.2093958854675293
0.9110336303710938
1.0865106582641602
0.33835840225219727
0.2093958854675293
0.9110336303710938
1.0865106582641602
0.33835840225219727
0.2093958854675293
0.9110336303710938
1.0865106582641602
0.33835840225219727
0.2093958854675293
0.9110336303710938
1.0865106582641602
0.33835840225219727
0.2093958854675293
0.9110336303710938
1.0865106582641602
0.33835840225219727
0.2093958854675293
0.9110336303710938
1.0865106582641602
0.33835840225219727
0.2093958854675293
0.9110336303710938
1.0865106582641602
0.33835840225219727
0.2093958854675293
0.9110336303710938
1.0865106582641602
0.33835840225219727
0.2093958854675293
0.9110336303710938
1.0865106582641602
0.33835840225219727
0.2093958854675293
0.9110336303710938
1.0865106582641602
0.33835840225219727
0.2093958854675293
0.9110336303710938
1.0865106582641602
0.33835840225219727
0.2093958854675293
0.9110336303710938
1.0865106582641602
0.33835840225219727
0.2093958854675293
0.9110336303710938
1.0865106582641602
0.33835840225219727
0.2093958854675293
0.9110336303710938
1.0865106582641602
0.33835840225219727
0.2093958854675293
0.9110336303710938
1.0865106582641602
0.33835840225219727
0.2093958854675293
0.9110336303710938
1.0865106582641602
0.33835840225219727
0.2093958854675293
0.9110336303710938
1.0865106582641602
0.33835840225219727
0.2093958854675293
0.9110336303710938
1.0865106582641602
0.33835840225219727
0.2093958854675293
0.9110336303710938
1.0865106582641602