0.313215970993042
0.313215970993042
0.313215970993042
0.313215970993042
0.313215970993042
0.313215970993042
0.313215970993042
0.313215970993042
0.313215970993042
0.313215970993042
0.313215970993042
0.313215970993042
0.313215970993042
0.313215970993042
0.313215970993042
0.313215970993042
0.313215970993042
0.313215970993042
0.313215970993042
0.3047502040863037
0.313215970993042
0.3047502040863037
0.313215970993042
0.3047502040863037
0.313215970993042
0.3047502040863037
0.313215970993042
0.3047502040863037
0.313215970993042
0.3047502040863037
0.313215970993042
0.3047502040863037
0.313215970993042
0.3047502040863037
0.313215970993042
0.3047502040863037
0.2334449291229248
0.25854015350341797