0.41832780838012695
0.41832780838012695
0.3696889877319336
0.41832780838012695
0.3696889877319336
0.41832780838012695
0.3696889877319336
0.41832780838012695
0.3696889877319336
0.41832780838012695
0.3696889877319336
0.41832780838012695
0.3696889877319336
0.41832780838012695
0.3696889877319336
0.41832780838012695
0.3696889877319336
0.41832780838012695
0.3696889877319336
0.26603007316589355
0.41832780838012695
0.3696889877319336
0.26603007316589355
0.44909167289733887
0.35366272926330566
0.2499852180480957