0.23107099533081055
0.23107099533081055
0.23107099533081055
0.23270010948181152
0.23107099533081055
0.23270010948181152
0.22461271286010742
0.23107099533081055
0.23270010948181152
0.22461271286010742
0.23107099533081055
0.23270010948181152
0.22461271286010742
0.23267126083374023
0.23107099533081055
0.23270010948181152
0.22461271286010742
0.23267126083374023
0.3361175060272217
0.25669169425964355
0.23107099533081055
0.23270010948181152
0.22461271286010742
0.23267126083374023
0.3361175060272217
0.25669169425964355
0.23107099533081055
0.23270010948181152
0.22461271286010742
0.23267126083374023
0.3361175060272217
0.25669169425964355
0.23107099533081055
0.23270010948181152
0.22461271286010742
0.23267126083374023
0.3361175060272217
0.25669169425964355
0.23107099533081055
0.23270010948181152
0.22461271286010742
0.23267126083374023
0.3361175060272217
0.25669169425964355
0.23107099533081055
0.23270010948181152
0.22461271286010742
0.23267126083374023
0.3361175060272217
0.25669169425964355
0.7307569980621338
0.23107099533081055
0.23270010948181152
0.22461271286010742
0.23267126083374023
0.3361175060272217
0.25669169425964355
0.7307569980621338
0.23107099533081055
0.23270010948181152
0.22461271286010742
0.23267126083374023
0.3361175060272217
0.25669169425964355
0.7307569980621338
0.23107099533081055
0.23270010948181152
0.22461271286010742
0.23267126083374023
0.3361175060272217
0.25669169425964355
0.7307569980621338
0.23107099533081055
0.23270010948181152
0.22461271286010742
0.23267126083374023
0.3361175060272217
0.25669169425964355
0.7307569980621338
0.2720029354095459
0.23107099533081055
0.23270010948181152
0.22461271286010742
0.23267126083374023
0.3361175060272217
0.25669169425964355
0.7307569980621338
0.2720029354095459
0.344512939453125
0.23107099533081055
0.23270010948181152
0.22461271286010742
0.23267126083374023
0.3361175060272217
0.25669169425964355
0.7307569980621338
0.2720029354095459
0.344512939453125
0.4079320430755615
0.23107099533081055
0.23270010948181152
0.22461271286010742
0.23267126083374023
0.3361175060272217
0.25669169425964355
0.7307569980621338
0.2720029354095459
0.344512939453125
0.4079320430755615
0.6864938735961914
0.23107099533081055
0.23270010948181152
0.22461271286010742
0.23267126083374023
0.3361175060272217
0.25669169425964355
0.7307569980621338
0.2720029354095459
0.344512939453125
0.4079320430755615
0.6864938735961914
0.2640359401702881
0.23107099533081055
0.23270010948181152
0.22461271286010742
0.23267126083374023
0.3361175060272217
0.25669169425964355
0.7307569980621338
0.2720029354095459
0.344512939453125
0.4079320430755615
0.6864938735961914
0.2640359401702881
0.2485198974609375
0.23107099533081055
0.23270010948181152
0.22461271286010742
0.23267126083374023
0.3361175060272217
0.25669169425964355
0.7307569980621338
0.2720029354095459
0.344512939453125
0.4079320430755615
0.6864938735961914
0.2640359401702881
0.2485198974609375
0.23107099533081055
0.23270010948181152
0.22461271286010742
0.23267126083374023
0.3361175060272217
0.25669169425964355
0.7307569980621338
0.2720029354095459
0.344512939453125
0.4079320430755615
0.6864938735961914
0.2640359401702881
0.2485198974609375
0.23107099533081055
0.23270010948181152
0.22461271286010742
0.23267126083374023
0.3361175060272217
0.25669169425964355
0.7307569980621338
0.2720029354095459
0.344512939453125
0.4079320430755615
0.6864938735961914
0.2640359401702881
0.2485198974609375
0.26438379287719727
0.23107099533081055
0.23270010948181152
0.22461271286010742
0.23267126083374023
0.3361175060272217
0.25669169425964355
0.7307569980621338
0.2720029354095459
0.344512939453125
0.4079320430755615
0.6864938735961914
0.2640359401702881
0.2485198974609375
0.26438379287719727
0.23107099533081055
0.23270010948181152
0.22461271286010742
0.23267126083374023
0.3361175060272217
0.25669169425964355
0.7307569980621338
0.2720029354095459
0.344512939453125
0.4079320430755615
0.6864938735961914
0.2640359401702881
0.2485198974609375
0.26438379287719727
0.3352646827697754
0.3297600746154785
0.23107099533081055
0.23270010948181152
0.22461271286010742
0.23267126083374023
0.3361175060272217
0.25669169425964355
0.7307569980621338
0.2720029354095459
0.344512939453125
0.4079320430755615
0.6864938735961914
0.2640359401702881
0.2485198974609375
0.26438379287719727
0.3352646827697754
0.3297600746154785
0.23107099533081055
0.23270010948181152
0.22461271286010742
0.23267126083374023
0.3361175060272217
0.25669169425964355
0.7307569980621338
0.2720029354095459
0.344512939453125
0.4079320430755615
0.6864938735961914
0.2640359401702881
0.2485198974609375
0.26438379287719727
0.3352646827697754
0.3297600746154785
0.32035064697265625
0.23107099533081055
0.23270010948181152
0.22461271286010742
0.23267126083374023
0.3361175060272217
0.25669169425964355
0.7307569980621338
0.2720029354095459
0.344512939453125
0.4079320430755615
0.6864938735961914
0.2640359401702881
0.2485198974609375
0.26438379287719727
0.3352646827697754
0.3297600746154785
0.32035064697265625
0.23107099533081055
0.23270010948181152
0.22461271286010742
0.23267126083374023
0.3361175060272217
0.25669169425964355
0.7307569980621338
0.2720029354095459
0.344512939453125
0.4079320430755615
0.6864938735961914
0.2640359401702881
0.2485198974609375
0.26438379287719727
0.3352646827697754
0.3297600746154785
0.32035064697265625
0.27254509925842285