0.18014121055603027
0.5567631721496582
0.2002570629119873
0.46243858337402344
0.26273488998413086
0.36902952194213867
0.3131592273712158
0.4123985767364502
0.3371553421020508
0.4635176658630371
0.31304192543029785
0.38201189041137695
0.46287989616394043
0.5867593288421631
0.391995906829834
0.4421882629394531
0.34134936332702637
0.3351776599884033
0.42406797409057617
0.5309443473815918
0.39601659774780273
0.3477339744567871
0.34592342376708984
0.4618077278137207
0.3438682556152344
0.32993030548095703
0.3144242763519287
0.4165918827056885
0.493894100189209
0.31055521965026855
0.39676380157470703
0.4463682174682617
0.6138989925384521
0.3429110050201416
0.35904788970947266
0.5033185482025146
0.3259611129760742
0.4371495246887207
0.3311948776245117
0.31426095962524414
0.43152689933776855
0.2723393440246582
0.5772719383239746
0.25393128395080566