0.571380615234375
0.571380615234375
0.571380615234375
0.571380615234375
0.571380615234375
0.571380615234375
0.571380615234375
0.571380615234375
0.15097641944885254
0.571380615234375
0.15097641944885254
0.571380615234375
0.15097641944885254
0.571380615234375
0.15097641944885254
0.571380615234375
0.15097641944885254
0.571380615234375
0.15097641944885254
0.571380615234375
0.15097641944885254
0.571380615234375
0.15097641944885254
0.571380615234375
0.15097641944885254
0.571380615234375
0.15097641944885254
0.571380615234375
0.15097641944885254
0.571380615234375
0.15097641944885254
0.571380615234375
0.15097641944885254
0.571380615234375
0.15097641944885254
0.571380615234375
0.15097641944885254
0.571380615234375
0.15097641944885254
0.571380615234375
0.15097641944885254
0.47876882553100586
0.571380615234375
0.15097641944885254
0.47876882553100586
0.571380615234375
0.15097641944885254
0.47876882553100586