0.821467399597168
0.821467399597168
0.821467399597168
0.295612096786499
0.821467399597168
0.295612096786499
0.821467399597168
0.295612096786499
0.821467399597168
0.295612096786499
0.821467399597168
0.295612096786499
0.23344850540161133
0.6005327701568604
0.821467399597168
0.295612096786499
0.23344850540161133
0.6005327701568604
0.821467399597168
0.295612096786499
0.23344850540161133
0.6005327701568604
0.821467399597168
0.295612096786499
0.23344850540161133
0.6005327701568604
0.821467399597168
0.295612096786499
0.23344850540161133
0.6005327701568604
0.3517463207244873
0.821467399597168
0.295612096786499
0.23344850540161133
0.6005327701568604
0.3517463207244873
0.821467399597168
0.295612096786499
0.23344850540161133
0.6005327701568604
0.3517463207244873
0.4630281925201416
0.821467399597168
0.295612096786499
0.23344850540161133
0.6005327701568604
0.3517463207244873
0.4630281925201416
0.821467399597168
0.295612096786499
0.23344850540161133
0.6005327701568604
0.3517463207244873
0.4630281925201416
0.821467399597168
0.295612096786499
0.23344850540161133
0.6005327701568604
0.3517463207244873
0.4630281925201416
0.4647641181945801
0.821467399597168
0.295612096786499
0.23344850540161133
0.6005327701568604
0.3517463207244873
0.4630281925201416
0.4647641181945801
0.3672621250152588
0.3845334053039551
0.821467399597168
0.295612096786499
0.23344850540161133
0.6005327701568604
0.3517463207244873
0.4630281925201416
0.4647641181945801
0.3672621250152588
0.3845334053039551
0.821467399597168
0.295612096786499
0.23344850540161133
0.6005327701568604
0.3517463207244873
0.4630281925201416
0.4647641181945801
0.3672621250152588
0.3845334053039551
0.821467399597168
0.295612096786499
0.23344850540161133
0.6005327701568604
0.3517463207244873
0.4630281925201416
0.4647641181945801
0.3672621250152588
0.3845334053039551
0.821467399597168
0.295612096786499
0.23344850540161133
0.6005327701568604
0.3517463207244873
0.4630281925201416
0.4647641181945801
0.3672621250152588
0.3845334053039551
0.821467399597168
0.295612096786499
0.23344850540161133
0.6005327701568604
0.3517463207244873
0.4630281925201416
0.4647641181945801
0.3672621250152588
0.3845334053039551
0.821467399597168
0.295612096786499
0.23344850540161133
0.6005327701568604
0.3517463207244873
0.4630281925201416
0.4647641181945801
0.3672621250152588
0.3845334053039551
0.821467399597168
0.295612096786499
0.23344850540161133
0.6005327701568604
0.3517463207244873
0.4630281925201416
0.4647641181945801
0.3672621250152588
0.3845334053039551
0.821467399597168
0.295612096786499
0.23344850540161133
0.6005327701568604
0.3517463207244873
0.4630281925201416
0.4647641181945801
0.3672621250152588
0.3845334053039551