0.24185514450073242
0.24185514450073242
0.24185514450073242
0.36200904846191406
0.24185514450073242
0.36200904846191406
0.24185514450073242
0.36200904846191406
0.24185514450073242
0.36200904846191406
0.24185514450073242
0.36200904846191406
0.23432445526123047
0.24185514450073242
0.36200904846191406
0.23432445526123047
0.24185514450073242
0.36200904846191406
0.23432445526123047
0.24185514450073242
0.36200904846191406
0.23432445526123047
0.24185514450073242
0.36200904846191406
0.23432445526123047
0.24185514450073242
0.36200904846191406
0.23432445526123047
0.24185514450073242
0.36200904846191406
0.23432445526123047
0.29027652740478516
0.2744753360748291
0.24185514450073242
0.36200904846191406
0.23432445526123047
0.29027652740478516
0.2744753360748291
0.24185514450073242
0.36200904846191406
0.23432445526123047
0.29027652740478516
0.2744753360748291
0.24185514450073242
0.36200904846191406
0.23432445526123047
0.29027652740478516
0.2744753360748291
0.24185514450073242
0.36200904846191406
0.23432445526123047
0.29027652740478516
0.2744753360748291
0.23369169235229492
0.17854619026184082
0.24185514450073242
0.36200904846191406
0.23432445526123047
0.29027652740478516
0.2744753360748291
0.23369169235229492
0.17854619026184082
0.24185514450073242
0.36200904846191406
0.23432445526123047
0.29027652740478516
0.2744753360748291
0.23369169235229492
0.17854619026184082
0.24185514450073242
0.36200904846191406
0.23432445526123047
0.29027652740478516
0.2744753360748291
0.23369169235229492
0.17854619026184082
0.24185514450073242
0.36200904846191406
0.23432445526123047
0.29027652740478516
0.2744753360748291
0.23369169235229492
0.17854619026184082
0.2709479331970215
0.24185514450073242
0.36200904846191406
0.23432445526123047
0.29027652740478516
0.2744753360748291
0.23369169235229492
0.17854619026184082
0.2709479331970215
0.24185514450073242
0.36200904846191406
0.23432445526123047
0.29027652740478516
0.2744753360748291
0.23369169235229492
0.17854619026184082
0.2709479331970215
0.24185514450073242
0.36200904846191406
0.23432445526123047
0.29027652740478516
0.2744753360748291
0.23369169235229492
0.17854619026184082
0.2709479331970215
0.2824862003326416
0.24185514450073242
0.36200904846191406
0.23432445526123047
0.29027652740478516
0.2744753360748291
0.23369169235229492
0.17854619026184082
0.2709479331970215
0.2824862003326416
0.24185514450073242
0.36200904846191406
0.23432445526123047
0.29027652740478516
0.2744753360748291
0.23369169235229492
0.17854619026184082
0.2709479331970215
0.2824862003326416
0.24185514450073242
0.36200904846191406
0.23432445526123047
0.29027652740478516
0.2744753360748291
0.23369169235229492
0.17854619026184082
0.2709479331970215
0.2824862003326416
0.2584981918334961
0.2745213508605957
0.24185514450073242
0.36200904846191406
0.23432445526123047
0.29027652740478516
0.2744753360748291
0.23369169235229492
0.17854619026184082
0.2709479331970215
0.2824862003326416
0.2584981918334961
0.2745213508605957