0.27298688888549805
0.24167275428771973
0.27298688888549805
0.24167275428771973
0.44083619117736816
0.41614699363708496
0.27298688888549805
0.24167275428771973
0.44083619117736816
0.41614699363708496
0.27298688888549805
0.24167275428771973
0.44083619117736816
0.41614699363708496
0.27298688888549805
0.24167275428771973
0.44083619117736816
0.41614699363708496
0.27298688888549805
0.24167275428771973
0.44083619117736816
0.41614699363708496
0.27298688888549805
0.24167275428771973
0.44083619117736816
0.41614699363708496
0.27298688888549805
0.24167275428771973
0.44083619117736816
0.41614699363708496
0.27298688888549805
0.24167275428771973
0.44083619117736816
0.41614699363708496
0.27298688888549805
0.24167275428771973
0.44083619117736816
0.41614699363708496
0.27298688888549805
0.24167275428771973
0.44083619117736816
0.41614699363708496
0.27298688888549805
0.24167275428771973
0.44083619117736816
0.41614699363708496
0.27298688888549805
0.24167275428771973
0.44083619117736816
0.41614699363708496
0.32126498222351074
0.27298688888549805
0.24167275428771973
0.44083619117736816
0.41614699363708496
0.32126498222351074
0.27298688888549805
0.24167275428771973
0.44083619117736816
0.41614699363708496
0.32126498222351074
0.27298688888549805
0.24167275428771973
0.44083619117736816
0.41614699363708496
0.32126498222351074
0.27298688888549805
0.24167275428771973
0.44083619117736816
0.41614699363708496
0.32126498222351074
0.27298688888549805
0.24167275428771973
0.44083619117736816
0.41614699363708496
0.32126498222351074
0.27298688888549805
0.24167275428771973
0.44083619117736816
0.41614699363708496
0.32126498222351074
0.27298688888549805
0.24167275428771973
0.44083619117736816
0.41614699363708496
0.32126498222351074
0.27298688888549805
0.24167275428771973
0.44083619117736816
0.41614699363708496
0.32126498222351074
0.27298688888549805
0.24167275428771973
0.44083619117736816
0.41614699363708496
0.32126498222351074
0.27298688888549805
0.24167275428771973
0.44083619117736816
0.41614699363708496
0.32126498222351074
0.27298688888549805
0.24167275428771973
0.44083619117736816
0.41614699363708496
0.32126498222351074
0.27298688888549805
0.24167275428771973
0.44083619117736816
0.41614699363708496
0.32126498222351074
0.7642741203308105
0.27298688888549805
0.24167275428771973
0.44083619117736816
0.41614699363708496
0.32126498222351074
0.7642741203308105
0.27298688888549805
0.24167275428771973
0.44083619117736816
0.41614699363708496
0.32126498222351074
0.7642741203308105
0.27298688888549805
0.24167275428771973
0.44083619117736816
0.41614699363708496
0.32126498222351074
0.7642741203308105
0.27298688888549805
0.24167275428771973
0.44083619117736816
0.41614699363708496
0.32126498222351074
0.7642741203308105
0.27298688888549805
0.24167275428771973
0.44083619117736816
0.41614699363708496
0.32126498222351074
0.7642741203308105