0.2208559513092041
0.2574803829193115
0.20466971397399902
0.22072958946228027
0.1743612289428711
0.28411364555358887
0.48188090324401855
0.42600321769714355
0.3846015930175781
0.37604451179504395
0.2887089252471924
0.454118013381958
0.265810489654541
0.3386044502258301
0.36001110076904297
0.2590179443359375
0.5342578887939453
0.5073230266571045
0.29050469398498535
0.43087244033813477
0.48285388946533203
0.3169975280761719
0.33499789237976074
0.3098266124725342
0.5842323303222656
0.4150097370147705
0.3875584602355957
0.3692617416381836
0.3359413146972656
0.42201662063598633
0.4341881275177002
0.20866894721984863
0.28441858291625977
0.3355879783630371
0.35930824279785156
0.30850887298583984
0.2637479305267334
0.6826198101043701
0.22075843811035156
0.39487171173095703
0.3129746913909912
0.2763969898223877
0.24500727653503418