0.37796449661254883
0.6109588146209717
0.3284487724304199
0.4673926830291748
0.2981290817260742
0.39475536346435547
0.7658364772796631
0.7346053123474121
0.519251823425293
0.35852980613708496
0.4020223617553711
0.7570278644561768
0.40102529525756836
0.5249133110046387
0.46787047386169434
0.42089104652404785
0.371995210647583
0.313051700592041
0.28696227073669434
0.40331196784973145
0.4011251926422119
0.3522763252258301
0.2952427864074707
0.43828773498535156
0.30484604835510254
0.40894031524658203
0.48329734802246094
0.3817176818847656
0.5618226528167725
0.3458373546600342
0.4937622547149658
0.3549830913543701
0.4498865604400635
0.41088151931762695