0.30229949951171875
0.30229949951171875
0.30229949951171875
0.30229949951171875
0.30229949951171875
0.30229949951171875
0.4073486328125
0.4619944095611572
0.30229949951171875
0.4073486328125
0.4619944095611572
0.30229949951171875
0.4073486328125
0.4619944095611572
0.30229949951171875
0.4073486328125
0.4619944095611572
0.30229949951171875
0.4073486328125
0.4619944095611572
0.30229949951171875
0.4073486328125
0.4619944095611572
0.30229949951171875
0.4073486328125
0.4619944095611572
0.30229949951171875
0.4073486328125
0.4619944095611572
0.30229949951171875
0.4073486328125
0.4619944095611572
0.2791626453399658
0.30229949951171875
0.4073486328125
0.4619944095611572
0.2791626453399658
0.30229949951171875
0.4073486328125
0.4619944095611572
0.2791626453399658
0.30229949951171875
0.4073486328125
0.4619944095611572
0.2791626453399658
0.3106200695037842
0.1350560188293457
0.30229949951171875
0.4073486328125
0.4619944095611572
0.2791626453399658
0.3106200695037842
0.1350560188293457
0.30229949951171875
0.4073486328125
0.4619944095611572
0.2791626453399658
0.3106200695037842
0.1350560188293457
0.30229949951171875
0.4073486328125
0.4619944095611572
0.2791626453399658
0.3106200695037842
0.1350560188293457
0.3268468379974365
0.30229949951171875
0.4073486328125
0.4619944095611572
0.2791626453399658
0.3106200695037842
0.1350560188293457
0.3268468379974365
0.3190145492553711
0.30229949951171875
0.4073486328125
0.4619944095611572
0.2791626453399658
0.3106200695037842
0.1350560188293457
0.3268468379974365
0.3190145492553711
0.30229949951171875
0.4073486328125
0.4619944095611572
0.2791626453399658
0.3106200695037842
0.1350560188293457
0.3268468379974365
0.3190145492553711
0.30229949951171875
0.4073486328125
0.4619944095611572
0.2791626453399658
0.3106200695037842
0.1350560188293457
0.3268468379974365
0.3190145492553711
0.30229949951171875
0.4073486328125
0.4619944095611572
0.2791626453399658
0.3106200695037842
0.1350560188293457
0.3268468379974365
0.3190145492553711
0.30229949951171875
0.4073486328125
0.4619944095611572
0.2791626453399658
0.3106200695037842
0.1350560188293457
0.3268468379974365
0.3190145492553711
0.30229949951171875
0.4073486328125
0.4619944095611572
0.2791626453399658
0.3106200695037842
0.1350560188293457
0.3268468379974365
0.3190145492553711
0.30229949951171875
0.4073486328125
0.4619944095611572
0.2791626453399658
0.3106200695037842
0.1350560188293457
0.3268468379974365
0.3190145492553711
0.30229949951171875
0.4073486328125
0.4619944095611572
0.2791626453399658
0.3106200695037842
0.1350560188293457
0.3268468379974365
0.3190145492553711
0.30229949951171875
0.4073486328125
0.4619944095611572
0.2791626453399658
0.3106200695037842
0.1350560188293457
0.3268468379974365
0.3190145492553711