0.1459817886352539
0.1459817886352539
0.1459817886352539
0.39175987243652344
0.1459817886352539
0.39175987243652344
0.1781606674194336
0.1459817886352539
0.39175987243652344
0.1781606674194336
0.1459817886352539
0.39175987243652344
0.1781606674194336
0.1459817886352539
0.39175987243652344
0.1781606674194336
0.1459817886352539
0.39175987243652344
0.1781606674194336
0.1459817886352539
0.39175987243652344
0.1781606674194336
0.1459817886352539
0.39175987243652344
0.1781606674194336
0.26592254638671875
0.1459817886352539
0.39175987243652344
0.1781606674194336
0.26592254638671875
0.1459817886352539
0.39175987243652344
0.1781606674194336
0.26592254638671875
0.1459817886352539
0.39175987243652344
0.1781606674194336
0.26592254638671875
0.2567746639251709
0.5769398212432861
0.1459817886352539
0.39175987243652344
0.1781606674194336
0.26592254638671875
0.2567746639251709
0.5769398212432861
0.1459817886352539
0.39175987243652344
0.1781606674194336
0.26592254638671875
0.2567746639251709
0.5769398212432861
0.1459817886352539
0.39175987243652344
0.1781606674194336
0.26592254638671875
0.2567746639251709
0.5769398212432861
0.1459817886352539
0.39175987243652344
0.1781606674194336
0.26592254638671875
0.2567746639251709
0.5769398212432861
0.2899811267852783
0.1459817886352539
0.39175987243652344
0.1781606674194336
0.26592254638671875
0.2567746639251709
0.5769398212432861
0.2899811267852783
0.1459817886352539
0.39175987243652344
0.1781606674194336
0.26592254638671875
0.2567746639251709
0.5769398212432861
0.2899811267852783
0.1459817886352539
0.39175987243652344
0.1781606674194336
0.26592254638671875
0.2567746639251709
0.5769398212432861
0.2899811267852783
0.3706390857696533
0.2568318843841553
0.1459817886352539
0.39175987243652344
0.1781606674194336
0.26592254638671875
0.2567746639251709
0.5769398212432861
0.2899811267852783
0.3706390857696533
0.2568318843841553
0.32863783836364746
0.1459817886352539
0.39175987243652344
0.1781606674194336
0.26592254638671875
0.2567746639251709
0.5769398212432861
0.2899811267852783
0.3706390857696533
0.2568318843841553
0.32863783836364746
0.1459817886352539
0.39175987243652344
0.1781606674194336
0.26592254638671875
0.2567746639251709
0.5769398212432861
0.2899811267852783
0.3706390857696533
0.2568318843841553
0.32863783836364746
0.5052931308746338
0.27370190620422363
0.1459817886352539
0.39175987243652344
0.1781606674194336
0.26592254638671875
0.2567746639251709
0.5769398212432861
0.2899811267852783
0.3706390857696533
0.2568318843841553
0.32863783836364746
0.5052931308746338
0.27370190620422363
0.3525559902191162
0.1459817886352539
0.39175987243652344
0.1781606674194336
0.26592254638671875
0.2567746639251709
0.5769398212432861
0.2899811267852783
0.3706390857696533
0.2568318843841553
0.32863783836364746
0.5052931308746338
0.27370190620422363
0.3525559902191162
0.16616201400756836
0.1459817886352539
0.39175987243652344
0.1781606674194336
0.26592254638671875
0.2567746639251709
0.5769398212432861
0.2899811267852783
0.3706390857696533
0.2568318843841553
0.32863783836364746
0.5052931308746338
0.27370190620422363
0.3525559902191162
0.16616201400756836
0.20221447944641113
0.1459817886352539
0.39175987243652344
0.1781606674194336
0.26592254638671875
0.2567746639251709
0.5769398212432861
0.2899811267852783
0.3706390857696533
0.2568318843841553
0.32863783836364746
0.5052931308746338
0.27370190620422363
0.3525559902191162
0.16616201400756836
0.20221447944641113
0.279146671295166
0.1459817886352539
0.39175987243652344
0.1781606674194336
0.26592254638671875
0.2567746639251709
0.5769398212432861
0.2899811267852783
0.3706390857696533
0.2568318843841553
0.32863783836364746
0.5052931308746338
0.27370190620422363
0.3525559902191162
0.16616201400756836
0.20221447944641113
0.279146671295166
0.1459817886352539
0.39175987243652344
0.1781606674194336
0.26592254638671875
0.2567746639251709
0.5769398212432861
0.2899811267852783
0.3706390857696533
0.2568318843841553
0.32863783836364746
0.5052931308746338
0.27370190620422363
0.3525559902191162
0.16616201400756836
0.20221447944641113
0.279146671295166
0.1459817886352539
0.39175987243652344
0.1781606674194336
0.26592254638671875
0.2567746639251709
0.5769398212432861
0.2899811267852783
0.3706390857696533
0.2568318843841553
0.32863783836364746
0.5052931308746338
0.27370190620422363
0.3525559902191162
0.16616201400756836
0.20221447944641113
0.279146671295166