0.22915387153625488
0.22915387153625488
0.22915387153625488
0.22915387153625488
0.22915387153625488
0.22915387153625488
0.22915387153625488
0.22915387153625488
0.22915387153625488
0.22915387153625488
0.22915387153625488
0.22915387153625488
0.22915387153625488
0.22915387153625488
0.22915387153625488
0.22915387153625488
0.22915387153625488
0.22915387153625488
0.22915387153625488
0.22915387153625488
0.22915387153625488
0.22915387153625488
0.22915387153625488
0.22915387153625488
0.22915387153625488
0.22915387153625488
0.22915387153625488
0.22915387153625488
0.22915387153625488
0.22915387153625488
0.22915387153625488