0.2048184871673584
0.2048184871673584
0.2048184871673584
0.2816345691680908
0.2048184871673584
0.2816345691680908
0.2421104907989502
0.1702883243560791
0.2048184871673584
0.2816345691680908
0.2421104907989502
0.1702883243560791
0.2048184871673584
0.2816345691680908
0.2421104907989502
0.1702883243560791
0.23330426216125488
0.2048184871673584
0.2816345691680908
0.2421104907989502
0.1702883243560791
0.23330426216125488
0.2048184871673584
0.2816345691680908
0.2421104907989502
0.1702883243560791
0.23330426216125488
0.2048184871673584
0.2816345691680908
0.2421104907989502
0.1702883243560791
0.23330426216125488
0.2048184871673584
0.2816345691680908
0.2421104907989502
0.1702883243560791
0.23330426216125488
0.2048184871673584
0.2816345691680908
0.2421104907989502
0.1702883243560791
0.23330426216125488
0.20968341827392578
0.2048184871673584
0.2816345691680908
0.2421104907989502
0.1702883243560791
0.23330426216125488
0.20968341827392578
0.20236778259277344
0.2048184871673584
0.2816345691680908
0.2421104907989502
0.1702883243560791
0.23330426216125488
0.20968341827392578
0.20236778259277344
0.2259669303894043
0.24063634872436523
0.2048184871673584
0.2816345691680908
0.2421104907989502
0.1702883243560791
0.23330426216125488
0.20968341827392578
0.20236778259277344
0.2259669303894043
0.24063634872436523
0.3121449947357178
0.2048184871673584
0.2816345691680908
0.2421104907989502
0.1702883243560791
0.23330426216125488
0.20968341827392578
0.20236778259277344
0.2259669303894043
0.24063634872436523
0.3121449947357178
0.2048184871673584
0.2816345691680908
0.2421104907989502
0.1702883243560791
0.23330426216125488
0.20968341827392578
0.20236778259277344
0.2259669303894043
0.24063634872436523
0.3121449947357178
0.2048184871673584
0.2816345691680908
0.2421104907989502
0.1702883243560791
0.23330426216125488
0.20968341827392578
0.20236778259277344
0.2259669303894043
0.24063634872436523
0.3121449947357178
0.36157822608947754
0.2048184871673584
0.2816345691680908
0.2421104907989502
0.1702883243560791
0.23330426216125488
0.20968341827392578
0.20236778259277344
0.2259669303894043
0.24063634872436523
0.3121449947357178
0.36157822608947754
0.2807159423828125
0.24886059761047363
0.2048184871673584
0.2816345691680908
0.2421104907989502
0.1702883243560791
0.23330426216125488
0.20968341827392578
0.20236778259277344
0.2259669303894043
0.24063634872436523
0.3121449947357178
0.36157822608947754
0.2807159423828125
0.24886059761047363
0.2048184871673584
0.2816345691680908
0.2421104907989502
0.1702883243560791
0.23330426216125488
0.20968341827392578
0.20236778259277344
0.2259669303894043
0.24063634872436523
0.3121449947357178
0.36157822608947754
0.2807159423828125
0.24886059761047363
0.2048184871673584
0.2816345691680908
0.2421104907989502
0.1702883243560791
0.23330426216125488
0.20968341827392578
0.20236778259277344
0.2259669303894043
0.24063634872436523
0.3121449947357178
0.36157822608947754
0.2807159423828125
0.24886059761047363
0.2048184871673584
0.2816345691680908
0.2421104907989502
0.1702883243560791
0.23330426216125488
0.20968341827392578
0.20236778259277344
0.2259669303894043
0.24063634872436523
0.3121449947357178
0.36157822608947754
0.2807159423828125
0.24886059761047363
0.2258448600769043
0.5613601207733154
0.2048184871673584
0.2816345691680908
0.2421104907989502
0.1702883243560791
0.23330426216125488
0.20968341827392578
0.20236778259277344
0.2259669303894043
0.24063634872436523
0.3121449947357178
0.36157822608947754
0.2807159423828125
0.24886059761047363
0.2258448600769043
0.5613601207733154
0.2048184871673584
0.2816345691680908
0.2421104907989502
0.1702883243560791
0.23330426216125488
0.20968341827392578
0.20236778259277344
0.2259669303894043
0.24063634872436523
0.3121449947357178
0.36157822608947754
0.2807159423828125
0.24886059761047363
0.2258448600769043
0.5613601207733154
0.2048184871673584
0.2816345691680908
0.2421104907989502
0.1702883243560791
0.23330426216125488
0.20968341827392578
0.20236778259277344
0.2259669303894043
0.24063634872436523
0.3121449947357178
0.36157822608947754
0.2807159423828125
0.24886059761047363
0.2258448600769043
0.5613601207733154
0.27433180809020996
0.2180495262145996
0.2048184871673584
0.2816345691680908
0.2421104907989502
0.1702883243560791
0.23330426216125488
0.20968341827392578
0.20236778259277344
0.2259669303894043
0.24063634872436523
0.3121449947357178
0.36157822608947754
0.2807159423828125
0.24886059761047363
0.2258448600769043
0.5613601207733154
0.27433180809020996
0.2180495262145996
0.24085688591003418
0.20925617218017578
0.2048184871673584
0.2816345691680908
0.2421104907989502
0.1702883243560791
0.23330426216125488
0.20968341827392578
0.20236778259277344
0.2259669303894043
0.24063634872436523
0.3121449947357178
0.36157822608947754
0.2807159423828125
0.24886059761047363
0.2258448600769043
0.5613601207733154
0.27433180809020996
0.2180495262145996
0.24085688591003418
0.20925617218017578
0.24193072319030762
0.2048184871673584
0.2816345691680908
0.2421104907989502
0.1702883243560791
0.23330426216125488
0.20968341827392578
0.20236778259277344
0.2259669303894043
0.24063634872436523
0.3121449947357178
0.36157822608947754
0.2807159423828125
0.24886059761047363
0.2258448600769043
0.5613601207733154
0.27433180809020996
0.2180495262145996
0.24085688591003418
0.20925617218017578
0.24193072319030762
0.19350242614746094
0.2048184871673584
0.2816345691680908
0.2421104907989502
0.1702883243560791
0.23330426216125488
0.20968341827392578
0.20236778259277344
0.2259669303894043
0.24063634872436523
0.3121449947357178
0.36157822608947754
0.2807159423828125
0.24886059761047363
0.2258448600769043
0.5613601207733154
0.27433180809020996
0.2180495262145996
0.24085688591003418
0.20925617218017578
0.24193072319030762
0.19350242614746094
0.2048184871673584
0.2816345691680908
0.2421104907989502
0.1702883243560791
0.23330426216125488
0.20968341827392578
0.20236778259277344
0.2259669303894043
0.24063634872436523
0.3121449947357178
0.36157822608947754
0.2807159423828125
0.24886059761047363
0.2258448600769043
0.5613601207733154
0.27433180809020996
0.2180495262145996
0.24085688591003418
0.20925617218017578
0.24193072319030762
0.19350242614746094
0.3217787742614746