0.19216275215148926
0.19216275215148926
0.19216275215148926
0.19216275215148926
0.19216275215148926
0.19216275215148926
0.19216275215148926
0.19216275215148926
0.19216275215148926
0.19216275215148926
0.19216275215148926
0.19216275215148926
0.19216275215148926
0.19216275215148926
0.19216275215148926
0.19216275215148926
0.19216275215148926
0.19216275215148926
0.19216275215148926
0.19216275215148926
0.19216275215148926
0.19216275215148926
0.19216275215148926
0.19216275215148926
0.19216275215148926
0.19216275215148926
0.19216275215148926
0.19216275215148926
0.19216275215148926