0.4844858646392822
0.4844858646392822
0.4844858646392822
0.4844858646392822
0.5263214111328125
0.4844858646392822
0.5263214111328125
0.4844858646392822
0.5263214111328125
0.4844858646392822
0.5263214111328125
0.4844858646392822
0.5263214111328125
0.4844858646392822
0.5263214111328125
0.4844858646392822
0.5263214111328125
0.4844858646392822
0.5263214111328125
0.4844858646392822
0.5263214111328125
0.4844858646392822
0.5263214111328125
0.4844858646392822
0.5263214111328125
0.4844858646392822
0.5263214111328125
0.4844858646392822
0.5263214111328125
0.4844858646392822
0.5263214111328125
0.4844858646392822
0.5263214111328125
0.4844858646392822
0.5263214111328125
0.4844858646392822
0.5263214111328125