0.18007826805114746
0.18007826805114746
0.18007826805114746
0.18007826805114746
0.18007826805114746
0.18007826805114746
0.18007826805114746
0.18007826805114746
0.18007826805114746
0.18007826805114746
0.18007826805114746
0.18007826805114746
0.18007826805114746
0.785297155380249
0.18007826805114746
0.785297155380249
0.18007826805114746
0.785297155380249
0.18007826805114746
0.785297155380249
0.18007826805114746
0.785297155380249
0.18007826805114746
0.785297155380249
1.1161856651306152
0.18007826805114746
0.785297155380249
1.1161856651306152
0.18007826805114746
0.785297155380249
1.1161856651306152
0.18007826805114746
0.785297155380249
1.1161856651306152
0.18007826805114746
0.785297155380249
1.1161856651306152
0.18007826805114746
0.785297155380249
1.1161856651306152
0.18007826805114746
0.785297155380249
1.1161856651306152
0.18007826805114746
0.785297155380249
1.1161856651306152
0.18007826805114746
0.785297155380249
1.1161856651306152
0.18007826805114746
0.785297155380249
1.1161856651306152
0.18007826805114746
0.785297155380249
1.1161856651306152
0.18007826805114746
0.785297155380249
1.1161856651306152
0.18007826805114746
0.785297155380249
1.1161856651306152
0.18007826805114746
0.785297155380249
1.1161856651306152