0.2365570068359375
0.2365570068359375
0.2365570068359375
0.2365570068359375
0.2365570068359375
0.2365570068359375
0.2365570068359375
0.2365570068359375
0.2365570068359375
0.2365570068359375
0.2365570068359375
0.2365570068359375
0.17380380630493164
0.2365570068359375
0.17380380630493164
0.13313722610473633
0.2365570068359375
0.17380380630493164
0.13313722610473633
0.2365570068359375
0.17380380630493164
0.13313722610473633
0.2365570068359375
0.17380380630493164
0.13313722610473633
0.2365570068359375
0.17380380630493164
0.13313722610473633
0.2365570068359375
0.17380380630493164
0.13313722610473633
0.1567091941833496
0.2365570068359375
0.17380380630493164
0.13313722610473633
0.1567091941833496
0.2365570068359375
0.17380380630493164
0.13313722610473633
0.1567091941833496
0.2365570068359375
0.17380380630493164
0.13313722610473633
0.1567091941833496
0.2365570068359375
0.17380380630493164
0.13313722610473633
0.1567091941833496
0.2365570068359375
0.17380380630493164
0.13313722610473633
0.1567091941833496
0.2365570068359375
0.17380380630493164
0.13313722610473633
0.1567091941833496
0.2365570068359375
0.17380380630493164
0.13313722610473633
0.1567091941833496
0.2365570068359375
0.17380380630493164
0.13313722610473633
0.1567091941833496
0.2365570068359375
0.17380380630493164
0.13313722610473633
0.1567091941833496