0.19517087936401367
0.19517087936401367
0.19517087936401367
0.19517087936401367
0.19517087936401367
0.19517087936401367
0.3864014148712158
0.2594184875488281
0.19517087936401367
0.3864014148712158
0.2594184875488281
0.15520095825195312
0.3380558490753174
0.19517087936401367
0.3864014148712158
0.2594184875488281
0.15520095825195312
0.3380558490753174
0.21879148483276367
0.40268397331237793
0.19517087936401367
0.3864014148712158
0.2594184875488281
0.15520095825195312
0.3380558490753174
0.21879148483276367
0.40268397331237793
0.24300241470336914
0.19517087936401367
0.3864014148712158
0.2594184875488281
0.15520095825195312
0.3380558490753174
0.21879148483276367
0.40268397331237793
0.24300241470336914
0.19517087936401367
0.3864014148712158
0.2594184875488281
0.15520095825195312
0.3380558490753174
0.21879148483276367
0.40268397331237793
0.24300241470336914
0.19517087936401367
0.3864014148712158
0.2594184875488281
0.15520095825195312
0.3380558490753174
0.21879148483276367
0.40268397331237793
0.24300241470336914
0.19517087936401367
0.3864014148712158
0.2594184875488281
0.15520095825195312
0.3380558490753174
0.21879148483276367
0.40268397331237793
0.24300241470336914
0.19517087936401367
0.3864014148712158
0.2594184875488281
0.15520095825195312
0.3380558490753174
0.21879148483276367
0.40268397331237793
0.24300241470336914
0.19517087936401367
0.3864014148712158
0.2594184875488281
0.15520095825195312
0.3380558490753174
0.21879148483276367
0.40268397331237793
0.24300241470336914
0.2641258239746094
0.19517087936401367
0.3864014148712158
0.2594184875488281
0.15520095825195312
0.3380558490753174
0.21879148483276367
0.40268397331237793
0.24300241470336914
0.2641258239746094
0.19517087936401367
0.3864014148712158
0.2594184875488281
0.15520095825195312
0.3380558490753174
0.21879148483276367
0.40268397331237793
0.24300241470336914
0.2641258239746094
0.19517087936401367
0.3864014148712158
0.2594184875488281
0.15520095825195312
0.3380558490753174
0.21879148483276367
0.40268397331237793
0.24300241470336914
0.2641258239746094
0.19517087936401367
0.3864014148712158
0.2594184875488281
0.15520095825195312
0.3380558490753174
0.21879148483276367
0.40268397331237793
0.24300241470336914
0.2641258239746094
0.19517087936401367
0.3864014148712158
0.2594184875488281
0.15520095825195312
0.3380558490753174
0.21879148483276367
0.40268397331237793
0.24300241470336914
0.2641258239746094
0.19517087936401367
0.3864014148712158
0.2594184875488281
0.15520095825195312
0.3380558490753174
0.21879148483276367
0.40268397331237793
0.24300241470336914
0.2641258239746094
0.2826817035675049
0.27518606185913086
0.19517087936401367
0.3864014148712158
0.2594184875488281
0.15520095825195312
0.3380558490753174
0.21879148483276367
0.40268397331237793
0.24300241470336914
0.2641258239746094
0.2826817035675049
0.27518606185913086
0.19517087936401367
0.3864014148712158
0.2594184875488281
0.15520095825195312
0.3380558490753174
0.21879148483276367
0.40268397331237793
0.24300241470336914
0.2641258239746094
0.2826817035675049
0.27518606185913086
0.19517087936401367
0.3864014148712158
0.2594184875488281
0.15520095825195312
0.3380558490753174
0.21879148483276367
0.40268397331237793
0.24300241470336914
0.2641258239746094
0.2826817035675049
0.27518606185913086
0.19517087936401367
0.3864014148712158
0.2594184875488281
0.15520095825195312
0.3380558490753174
0.21879148483276367
0.40268397331237793
0.24300241470336914
0.2641258239746094
0.2826817035675049
0.27518606185913086
0.19517087936401367
0.3864014148712158
0.2594184875488281
0.15520095825195312
0.3380558490753174
0.21879148483276367
0.40268397331237793
0.24300241470336914
0.2641258239746094
0.2826817035675049
0.27518606185913086
0.19517087936401367
0.3864014148712158
0.2594184875488281
0.15520095825195312
0.3380558490753174
0.21879148483276367
0.40268397331237793
0.24300241470336914
0.2641258239746094
0.2826817035675049
0.27518606185913086
0.19517087936401367
0.3864014148712158
0.2594184875488281
0.15520095825195312
0.3380558490753174
0.21879148483276367
0.40268397331237793
0.24300241470336914
0.2641258239746094
0.2826817035675049
0.27518606185913086
0.23484349250793457
0.19517087936401367
0.3864014148712158
0.2594184875488281
0.15520095825195312
0.3380558490753174
0.21879148483276367
0.40268397331237793
0.24300241470336914
0.2641258239746094
0.2826817035675049
0.27518606185913086
0.23484349250793457
0.22679638862609863
0.19517087936401367
0.3864014148712158
0.2594184875488281
0.15520095825195312
0.3380558490753174
0.21879148483276367
0.40268397331237793
0.24300241470336914
0.2641258239746094
0.2826817035675049
0.27518606185913086
0.23484349250793457
0.22679638862609863