0.3446028232574463
0.2411794662475586
0.3446028232574463
0.2411794662475586
0.28504133224487305
0.3446028232574463
0.2411794662475586
0.28504133224487305
0.4164607524871826
0.5122692584991455
0.3446028232574463
0.2411794662475586
0.28504133224487305
0.4164607524871826
0.5122692584991455
0.2567160129547119
0.3446028232574463
0.2411794662475586
0.28504133224487305
0.4164607524871826
0.5122692584991455
0.2567160129547119
0.5358610153198242
0.3446028232574463
0.2411794662475586
0.28504133224487305
0.4164607524871826
0.5122692584991455
0.2567160129547119
0.5358610153198242
0.296844482421875
0.2808678150177002
0.3446028232574463
0.2411794662475586
0.28504133224487305
0.4164607524871826
0.5122692584991455
0.2567160129547119
0.5358610153198242
0.296844482421875
0.2808678150177002
0.4083833694458008
0.3446028232574463
0.2411794662475586
0.28504133224487305
0.4164607524871826
0.5122692584991455
0.2567160129547119
0.5358610153198242
0.296844482421875
0.2808678150177002
0.4083833694458008
0.3446028232574463
0.2411794662475586
0.28504133224487305
0.4164607524871826
0.5122692584991455
0.2567160129547119
0.5358610153198242
0.296844482421875
0.2808678150177002
0.4083833694458008
0.3446028232574463
0.2411794662475586
0.28504133224487305
0.4164607524871826
0.5122692584991455
0.2567160129547119
0.5358610153198242
0.296844482421875
0.2808678150177002
0.4083833694458008
0.4325094223022461
0.3446028232574463
0.2411794662475586
0.28504133224487305
0.4164607524871826
0.5122692584991455
0.2567160129547119
0.5358610153198242
0.296844482421875
0.2808678150177002
0.4083833694458008
0.4325094223022461
0.24877643585205078
0.3446028232574463
0.2411794662475586
0.28504133224487305
0.4164607524871826
0.5122692584991455
0.2567160129547119
0.5358610153198242
0.296844482421875
0.2808678150177002
0.4083833694458008
0.4325094223022461
0.24877643585205078
0.39269113540649414
0.6397769451141357
0.3446028232574463
0.2411794662475586
0.28504133224487305
0.4164607524871826
0.5122692584991455
0.2567160129547119
0.5358610153198242
0.296844482421875
0.2808678150177002
0.4083833694458008
0.4325094223022461
0.24877643585205078
0.39269113540649414
0.6397769451141357
0.3446028232574463
0.2411794662475586
0.28504133224487305
0.4164607524871826
0.5122692584991455
0.2567160129547119
0.5358610153198242
0.296844482421875
0.2808678150177002
0.4083833694458008
0.4325094223022461
0.24877643585205078
0.39269113540649414
0.6397769451141357
0.3446028232574463
0.2411794662475586
0.28504133224487305
0.4164607524871826
0.5122692584991455
0.2567160129547119
0.5358610153198242
0.296844482421875
0.2808678150177002
0.4083833694458008
0.4325094223022461
0.24877643585205078
0.39269113540649414
0.6397769451141357
0.7277812957763672
0.3788578510284424
0.25705647468566895
0.3446028232574463
0.2411794662475586
0.28504133224487305
0.4164607524871826
0.5122692584991455
0.2567160129547119
0.5358610153198242
0.296844482421875
0.2808678150177002
0.4083833694458008
0.4325094223022461
0.24877643585205078
0.39269113540649414
0.6397769451141357
0.7277812957763672
0.3788578510284424
0.25705647468566895
0.3446028232574463
0.2411794662475586
0.28504133224487305
0.4164607524871826
0.5122692584991455
0.2567160129547119
0.5358610153198242
0.296844482421875
0.2808678150177002
0.4083833694458008
0.4325094223022461
0.24877643585205078
0.39269113540649414
0.6397769451141357
0.7277812957763672
0.3788578510284424
0.25705647468566895
0.4167490005493164
0.3446028232574463
0.2411794662475586
0.28504133224487305
0.4164607524871826
0.5122692584991455
0.2567160129547119
0.5358610153198242
0.296844482421875
0.2808678150177002
0.4083833694458008
0.4325094223022461
0.24877643585205078
0.39269113540649414
0.6397769451141357
0.7277812957763672
0.3788578510284424
0.25705647468566895
0.4167490005493164
0.3446028232574463
0.2411794662475586
0.28504133224487305
0.4164607524871826
0.5122692584991455
0.2567160129547119
0.5358610153198242
0.296844482421875
0.2808678150177002
0.4083833694458008
0.4325094223022461
0.24877643585205078
0.39269113540649414
0.6397769451141357
0.7277812957763672
0.3788578510284424
0.25705647468566895
0.4167490005493164
0.24096465110778809
0.3446028232574463
0.2411794662475586
0.28504133224487305
0.4164607524871826
0.5122692584991455
0.2567160129547119
0.5358610153198242
0.296844482421875
0.2808678150177002
0.4083833694458008
0.4325094223022461
0.24877643585205078
0.39269113540649414
0.6397769451141357
0.7277812957763672
0.3788578510284424
0.25705647468566895
0.4167490005493164
0.24096465110778809
0.2723655700683594
0.43244099617004395
0.32926392555236816
0.3446028232574463
0.2411794662475586
0.28504133224487305
0.4164607524871826
0.5122692584991455
0.2567160129547119
0.5358610153198242
0.296844482421875
0.2808678150177002
0.4083833694458008
0.4325094223022461
0.24877643585205078
0.39269113540649414
0.6397769451141357
0.7277812957763672
0.3788578510284424
0.25705647468566895
0.4167490005493164
0.24096465110778809
0.2723655700683594
0.43244099617004395
0.32926392555236816
0.3446028232574463
0.2411794662475586
0.28504133224487305
0.4164607524871826
0.5122692584991455
0.2567160129547119
0.5358610153198242
0.296844482421875
0.2808678150177002
0.4083833694458008
0.4325094223022461
0.24877643585205078
0.39269113540649414
0.6397769451141357
0.7277812957763672
0.3788578510284424
0.25705647468566895
0.4167490005493164
0.24096465110778809
0.2723655700683594
0.43244099617004395
0.32926392555236816
0.3446028232574463
0.2411794662475586
0.28504133224487305
0.4164607524871826
0.5122692584991455
0.2567160129547119
0.5358610153198242
0.296844482421875
0.2808678150177002
0.4083833694458008
0.4325094223022461
0.24877643585205078
0.39269113540649414
0.6397769451141357
0.7277812957763672
0.3788578510284424
0.25705647468566895
0.4167490005493164
0.24096465110778809
0.2723655700683594
0.43244099617004395
0.32926392555236816
0.24128270149230957
0.37670254707336426
0.3446028232574463
0.2411794662475586
0.28504133224487305
0.4164607524871826
0.5122692584991455
0.2567160129547119
0.5358610153198242
0.296844482421875
0.2808678150177002
0.4083833694458008
0.4325094223022461
0.24877643585205078
0.39269113540649414
0.6397769451141357
0.7277812957763672
0.3788578510284424
0.25705647468566895
0.4167490005493164
0.24096465110778809
0.2723655700683594
0.43244099617004395
0.32926392555236816
0.24128270149230957
0.37670254707336426
0.304903507232666
0.3446028232574463
0.2411794662475586
0.28504133224487305
0.4164607524871826
0.5122692584991455
0.2567160129547119
0.5358610153198242
0.296844482421875
0.2808678150177002
0.4083833694458008
0.4325094223022461
0.24877643585205078
0.39269113540649414
0.6397769451141357
0.7277812957763672
0.3788578510284424
0.25705647468566895
0.4167490005493164
0.24096465110778809
0.2723655700683594
0.43244099617004395
0.32926392555236816
0.24128270149230957
0.37670254707336426
0.304903507232666
0.3446028232574463
0.2411794662475586
0.28504133224487305
0.4164607524871826
0.5122692584991455
0.2567160129547119
0.5358610153198242
0.296844482421875
0.2808678150177002
0.4083833694458008
0.4325094223022461
0.24877643585205078
0.39269113540649414
0.6397769451141357
0.7277812957763672
0.3788578510284424
0.25705647468566895
0.4167490005493164
0.24096465110778809
0.2723655700683594
0.43244099617004395
0.32926392555236816
0.24128270149230957
0.37670254707336426
0.304903507232666