0.1765613555908203
0.1765613555908203
0.1765613555908203
0.18476200103759766
0.1765613555908203
0.18476200103759766
0.1765613555908203
0.18476200103759766
0.1765613555908203
0.18476200103759766
0.1765613555908203
0.18476200103759766
0.1765613555908203
0.18476200103759766
0.1765613555908203
0.18476200103759766
0.1765613555908203
0.18476200103759766
0.1765613555908203
0.18476200103759766
0.1765613555908203
0.18476200103759766
0.1765613555908203
0.18476200103759766
0.1765613555908203
0.18476200103759766
0.1765613555908203
0.18476200103759766
0.1765613555908203
0.18476200103759766
0.1765613555908203
0.18476200103759766
0.1765613555908203
0.18476200103759766
0.1765613555908203
0.18476200103759766
0.1765613555908203
0.18476200103759766
0.1765613555908203
0.18476200103759766
0.1765613555908203
0.18476200103759766
0.1765613555908203
0.18476200103759766
0.1765613555908203
0.18476200103759766
0.1765613555908203
0.18476200103759766
0.1765613555908203
0.18476200103759766
0.1765613555908203
0.18476200103759766
0.1765613555908203
0.18476200103759766
0.1765613555908203
0.18476200103759766
0.1765613555908203
0.18476200103759766
0.1765613555908203
0.18476200103759766