0.4183197021484375
0.4183197021484375
0.4183197021484375
0.4183197021484375
0.4183197021484375
0.4183197021484375
0.4183197021484375
0.4183197021484375
0.4183197021484375
0.4183197021484375
0.4183197021484375
0.4183197021484375
0.4183197021484375
0.4183197021484375
0.4183197021484375
0.4183197021484375
0.4183197021484375
0.31484389305114746
0.4183197021484375
0.31484389305114746
0.4183197021484375
0.31484389305114746
0.4183197021484375
0.31484389305114746
0.4183197021484375
0.31484389305114746
0.4183197021484375
0.31484389305114746
0.4183197021484375
0.31484389305114746
0.2271103858947754
0.4183197021484375
0.31484389305114746
0.2271103858947754
0.4183197021484375
0.31484389305114746
0.2271103858947754
0.4183197021484375
0.31484389305114746
0.2271103858947754