0.2952725887298584
0.2952725887298584
0.2952725887298584
0.4300868511199951
0.2952725887298584
0.4300868511199951
0.2952725887298584
0.4300868511199951
0.2952725887298584
0.4300868511199951
0.2952725887298584
0.4300868511199951
0.2952725887298584
0.4300868511199951
0.2952725887298584
0.4300868511199951
0.2952725887298584
0.4300868511199951
0.2952725887298584
0.4300868511199951
0.2952725887298584
0.4300868511199951
0.2952725887298584
0.4300868511199951
0.2952725887298584
0.4300868511199951
0.2952725887298584
0.4300868511199951
0.2952725887298584
0.4300868511199951
0.2952725887298584
0.4300868511199951
0.2952725887298584
0.4300868511199951
0.33127856254577637
0.2952725887298584
0.4300868511199951
0.33127856254577637
0.2952725887298584
0.4300868511199951
0.33127856254577637
0.2952725887298584
0.4300868511199951
0.33127856254577637
0.2952725887298584
0.4300868511199951
0.33127856254577637
0.2952725887298584
0.4300868511199951
0.33127856254577637
0.2952725887298584
0.4300868511199951
0.33127856254577637
0.2952725887298584
0.4300868511199951
0.33127856254577637
0.2952725887298584
0.4300868511199951
0.33127856254577637
0.2952725887298584
0.4300868511199951
0.33127856254577637
0.2952725887298584
0.4300868511199951
0.33127856254577637
0.31165337562561035
0.2952725887298584
0.4300868511199951
0.33127856254577637
0.31165337562561035
0.3836860656738281