0.21900463104248047
0.21900463104248047
0.21900463104248047
0.1723182201385498
0.21900463104248047
0.1723182201385498
0.21900463104248047
0.1723182201385498
0.21900463104248047
0.1723182201385498
0.21900463104248047
0.1723182201385498
0.21900463104248047
0.1723182201385498
0.21900463104248047
0.1723182201385498
0.21900463104248047
0.1723182201385498
0.21900463104248047
0.1723182201385498
0.19646477699279785
0.21900463104248047
0.1723182201385498
0.19646477699279785
0.21900463104248047
0.1723182201385498
0.19646477699279785
0.21900463104248047
0.1723182201385498
0.19646477699279785
0.21900463104248047
0.1723182201385498
0.19646477699279785
0.21900463104248047
0.1723182201385498
0.19646477699279785
0.21900463104248047
0.1723182201385498
0.19646477699279785
0.21900463104248047
0.1723182201385498
0.19646477699279785
0.21900463104248047
0.1723182201385498
0.19646477699279785
0.21900463104248047
0.1723182201385498
0.19646477699279785
0.21900463104248047
0.1723182201385498
0.19646477699279785
0.21900463104248047
0.1723182201385498
0.19646477699279785
0.21900463104248047
0.1723182201385498
0.19646477699279785
0.21900463104248047
0.1723182201385498
0.19646477699279785
0.21900463104248047
0.1723182201385498
0.19646477699279785
0.21900463104248047
0.1723182201385498
0.19646477699279785
0.21900463104248047
0.1723182201385498
0.19646477699279785
0.21900463104248047
0.1723182201385498
0.19646477699279785
0.21900463104248047
0.1723182201385498
0.19646477699279785
0.21900463104248047
0.1723182201385498
0.19646477699279785
0.21900463104248047
0.1723182201385498
0.19646477699279785