0.19768714904785156
0.19768714904785156
0.19768714904785156
0.28550267219543457
0.19768714904785156
0.28550267219543457
0.19768714904785156
0.28550267219543457
0.19768714904785156
0.28550267219543457
0.19768714904785156
0.28550267219543457
0.19768714904785156
0.28550267219543457
0.19768714904785156
0.28550267219543457
0.19768714904785156
0.28550267219543457
0.19768714904785156
0.28550267219543457
0.19768714904785156
0.28550267219543457
0.19768714904785156
0.28550267219543457
0.19768714904785156
0.28550267219543457
0.19768714904785156
0.28550267219543457
0.19768714904785156
0.28550267219543457
0.19768714904785156
0.28550267219543457
0.19768714904785156
0.28550267219543457
0.19768714904785156
0.28550267219543457
0.19768714904785156
0.28550267219543457
0.19768714904785156
0.28550267219543457
0.19768714904785156
0.28550267219543457
0.19768714904785156
0.28550267219543457
0.19768714904785156
0.28550267219543457
0.19768714904785156
0.28550267219543457
0.19768714904785156
0.28550267219543457
0.19768714904785156
0.28550267219543457
0.19768714904785156
0.28550267219543457
0.19768714904785156
0.28550267219543457
0.19768714904785156
0.28550267219543457
0.19768714904785156
0.28550267219543457