0.1570439338684082
0.1570439338684082
0.14787006378173828
0.1570439338684082
0.14787006378173828
0.1570439338684082
0.14787006378173828
0.1570439338684082
0.14787006378173828
0.1570439338684082
0.14787006378173828
0.1570439338684082
0.14787006378173828
0.1570439338684082
0.14787006378173828
0.1570439338684082
0.14787006378173828
0.1570439338684082
0.14787006378173828
0.1570439338684082
0.14787006378173828
0.1570439338684082
0.14787006378173828
0.1570439338684082
0.14787006378173828
0.1570439338684082
0.14787006378173828
0.1570439338684082
0.14787006378173828
0.1570439338684082
0.14787006378173828
0.1570439338684082
0.14787006378173828
0.1570439338684082
0.14787006378173828
0.1570439338684082
0.14787006378173828
0.1570439338684082
0.14787006378173828
0.1570439338684082
0.14787006378173828
0.1570439338684082
0.14787006378173828
0.1570439338684082
0.14787006378173828
0.1570439338684082
0.14787006378173828
0.1570439338684082
0.14787006378173828
0.1570439338684082
0.14787006378173828
0.1570439338684082
0.14787006378173828
0.1570439338684082
0.14787006378173828
0.1570439338684082
0.14787006378173828
0.1570439338684082
0.14787006378173828