0.14617371559143066
0.14617371559143066
0.14617371559143066
0.14617371559143066
0.14617371559143066
0.14617371559143066
0.14617371559143066
0.14617371559143066
0.14617371559143066
0.14617371559143066
0.14617371559143066
0.14617371559143066
0.14617371559143066
0.14617371559143066
0.14617371559143066
0.14617371559143066
0.14617371559143066
0.14617371559143066
0.14617371559143066
0.14617371559143066
0.14617371559143066
0.14617371559143066
0.14617371559143066
0.14617371559143066
0.14617371559143066
0.14617371559143066
0.14617371559143066
0.14617371559143066
0.14617371559143066