0.20432806015014648
0.20432806015014648
0.20432806015014648
0.20432806015014648
0.20432806015014648
0.20432806015014648
0.20432806015014648
0.20432806015014648
0.20432806015014648
0.20432806015014648
0.20432806015014648
0.20432806015014648
0.20432806015014648
0.20432806015014648
0.20432806015014648
0.20432806015014648
0.20432806015014648
0.20432806015014648
0.20432806015014648
0.20432806015014648
0.20432806015014648
0.20432806015014648
0.20432806015014648
0.20432806015014648
0.20432806015014648
0.20432806015014648
0.20432806015014648
0.20432806015014648
0.20432806015014648
0.20432806015014648