0.30749940872192383
0.30749940872192383
0.30749940872192383
0.30749940872192383
0.30749940872192383
0.30749940872192383
0.30749940872192383
0.30749940872192383
0.30749940872192383
0.30749940872192383
0.30749940872192383
0.30749940872192383
0.30749940872192383
0.30749940872192383
0.30749940872192383
0.30749940872192383
0.30749940872192383
0.30749940872192383
0.30749940872192383
0.30749940872192383
0.30749940872192383
0.30749940872192383
0.30749940872192383
0.30749940872192383
0.30749940872192383
0.30749940872192383
0.30749940872192383
0.30749940872192383
0.7500627040863037
0.30749940872192383
0.7500627040863037