0.17948007583618164
0.17624306678771973
0.14625811576843262
0.1451883316040039
0.18474483489990234
0.19943642616271973
0.18563365936279297
0.1929185390472412
0.2173328399658203
0.19860100746154785
0.266862154006958
0.16989779472351074
0.14708209037780762
0.16435909271240234
0.21765875816345215
0.2612495422363281
0.23302030563354492
0.23694181442260742
0.21329236030578613
0.1550464630126953
0.2254638671875
0.21822810173034668
0.15398287773132324
0.18791794776916504
0.19231700897216797
0.2620086669921875
0.20308995246887207
0.18291592597961426
0.21581721305847168
0.17807650566101074
0.19911956787109375
0.21970319747924805
0.16602063179016113
0.18865346908569336
0.22959184646606445
0.1820540428161621
0.16204071044921875
0.16428208351135254
0.23080658912658691
0.176987886428833
0.17754578590393066
0.21841812133789062
0.16806268692016602
0.16118931770324707
0.15931963920593262