0.22619080543518066
0.22619080543518066
0.22619080543518066
0.22619080543518066
0.22619080543518066
0.22619080543518066
0.22619080543518066
0.22619080543518066
0.22619080543518066
0.22619080543518066
0.22619080543518066
0.22619080543518066
0.22619080543518066
0.22619080543518066
0.22619080543518066
0.22619080543518066
0.22619080543518066
0.22619080543518066
0.22619080543518066
0.22619080543518066
0.22619080543518066
0.22619080543518066
0.22619080543518066
0.22619080543518066
0.22619080543518066
0.22619080543518066
0.22619080543518066
0.22619080543518066
0.22619080543518066
0.22619080543518066