0.31792402267456055
0.383969783782959
0.21110010147094727
0.3499772548675537
0.43729591369628906
0.20182061195373535
0.19788527488708496
0.18154072761535645
0.16970109939575195
0.30011940002441406
0.2522146701812744
0.5919969081878662
0.4129164218902588
0.47529006004333496
0.18329310417175293
0.6197936534881592
0.26590514183044434
0.20276737213134766
0.18491244316101074
0.18551397323608398
0.4328880310058594
0.19304347038269043
0.41661977767944336
0.1611497402191162
0.2805004119873047
0.42524147033691406
0.18718838691711426
0.35390257835388184
0.1859757900238037
0.4101567268371582
0.42162656784057617
0.1636803150177002
0.19034242630004883
0.2660539150238037
0.4439120292663574
0.19815921783447266
0.23154616355895996
0.21998214721679688
0.18753290176391602
0.15798258781433105
0.18506860733032227