0.25954341888427734
0.2353990077972412
0.24344491958618164
0.25954341888427734
0.2353990077972412
0.24344491958618164
0.2594313621520996
0.25954341888427734
0.2353990077972412
0.24344491958618164
0.2594313621520996
0.25954341888427734
0.2353990077972412
0.24344491958618164
0.2594313621520996
0.24340438842773438
0.25954341888427734
0.2353990077972412
0.24344491958618164
0.2594313621520996
0.24340438842773438
0.25954341888427734
0.2353990077972412
0.24344491958618164
0.2594313621520996
0.24340438842773438
0.25954341888427734
0.2353990077972412
0.24344491958618164
0.2594313621520996
0.24340438842773438
0.25954341888427734
0.2353990077972412
0.24344491958618164
0.2594313621520996
0.24340438842773438
0.2911379337310791
0.2676730155944824
0.25954341888427734
0.2353990077972412
0.24344491958618164
0.2594313621520996
0.24340438842773438
0.2911379337310791
0.2676730155944824
0.45876622200012207
0.25954341888427734
0.2353990077972412
0.24344491958618164
0.2594313621520996
0.24340438842773438
0.2911379337310791
0.2676730155944824
0.45876622200012207
0.2514815330505371
0.25954341888427734
0.2353990077972412
0.24344491958618164
0.2594313621520996
0.24340438842773438
0.2911379337310791
0.2676730155944824
0.45876622200012207
0.2514815330505371
0.25954341888427734
0.2353990077972412
0.24344491958618164
0.2594313621520996
0.24340438842773438
0.2911379337310791
0.2676730155944824
0.45876622200012207
0.2514815330505371
1.376314640045166
0.25954341888427734
0.2353990077972412
0.24344491958618164
0.2594313621520996
0.24340438842773438
0.2911379337310791
0.2676730155944824
0.45876622200012207
0.2514815330505371
1.376314640045166
0.25954341888427734
0.2353990077972412
0.24344491958618164
0.2594313621520996
0.24340438842773438
0.2911379337310791
0.2676730155944824
0.45876622200012207
0.2514815330505371
1.376314640045166
0.25954341888427734
0.2353990077972412
0.24344491958618164
0.2594313621520996
0.24340438842773438
0.2911379337310791
0.2676730155944824
0.45876622200012207
0.2514815330505371
1.376314640045166
0.25954341888427734
0.2353990077972412
0.24344491958618164
0.2594313621520996
0.24340438842773438
0.2911379337310791
0.2676730155944824
0.45876622200012207
0.2514815330505371
1.376314640045166
0.2680628299713135
0.3233523368835449
0.24334192276000977
0.2678079605102539
0.25954341888427734
0.2353990077972412
0.24344491958618164
0.2594313621520996
0.24340438842773438
0.2911379337310791
0.2676730155944824
0.45876622200012207
0.2514815330505371
1.376314640045166
0.2680628299713135
0.3233523368835449
0.24334192276000977
0.2678079605102539
0.37139272689819336
0.25954341888427734
0.2353990077972412
0.24344491958618164
0.2594313621520996
0.24340438842773438
0.2911379337310791
0.2676730155944824
0.45876622200012207
0.2514815330505371
1.376314640045166
0.2680628299713135
0.3233523368835449
0.24334192276000977
0.2678079605102539
0.37139272689819336
0.25954341888427734
0.2353990077972412
0.24344491958618164
0.2594313621520996
0.24340438842773438
0.2911379337310791
0.2676730155944824
0.45876622200012207
0.2514815330505371
1.376314640045166
0.2680628299713135
0.3233523368835449
0.24334192276000977
0.2678079605102539
0.37139272689819336
0.25954341888427734
0.2353990077972412
0.24344491958618164
0.2594313621520996
0.24340438842773438
0.2911379337310791
0.2676730155944824
0.45876622200012207
0.2514815330505371
1.376314640045166
0.2680628299713135
0.3233523368835449
0.24334192276000977
0.2678079605102539
0.37139272689819336
1.0333898067474365
0.25954341888427734
0.2353990077972412
0.24344491958618164
0.2594313621520996
0.24340438842773438
0.2911379337310791
0.2676730155944824
0.45876622200012207
0.2514815330505371
1.376314640045166
0.2680628299713135
0.3233523368835449
0.24334192276000977
0.2678079605102539
0.37139272689819336
1.0333898067474365
0.25954341888427734
0.2353990077972412
0.24344491958618164
0.2594313621520996
0.24340438842773438
0.2911379337310791
0.2676730155944824
0.45876622200012207
0.2514815330505371
1.376314640045166
0.2680628299713135
0.3233523368835449
0.24334192276000977
0.2678079605102539
0.37139272689819336
1.0333898067474365
0.25954341888427734
0.2353990077972412
0.24344491958618164
0.2594313621520996
0.24340438842773438
0.2911379337310791
0.2676730155944824
0.45876622200012207
0.2514815330505371
1.376314640045166
0.2680628299713135
0.3233523368835449
0.24334192276000977
0.2678079605102539
0.37139272689819336
1.0333898067474365