0.17972874641418457
0.17972874641418457
0.17972874641418457
0.20412349700927734
0.17972874641418457
0.20412349700927734
0.17972874641418457
0.20412349700927734
0.17972874641418457
0.20412349700927734
0.17972874641418457
0.20412349700927734
0.17972874641418457
0.20412349700927734
0.17972874641418457
0.20412349700927734
0.17972874641418457
0.20412349700927734
0.17972874641418457
0.20412349700927734
0.17972874641418457
0.20412349700927734
0.17972874641418457
0.20412349700927734
0.17972874641418457
0.20412349700927734
0.17972874641418457
0.20412349700927734
0.17972874641418457
0.20412349700927734
0.17972874641418457
0.20412349700927734
0.17972874641418457
0.20412349700927734
0.17972874641418457
0.20412349700927734
0.17972874641418457
0.20412349700927734
0.17972874641418457
0.20412349700927734
0.17972874641418457
0.20412349700927734
0.17972874641418457
0.20412349700927734
0.17972874641418457
0.20412349700927734
0.17972874641418457
0.20412349700927734
0.17972874641418457
0.20412349700927734
0.17972874641418457
0.20412349700927734
0.17972874641418457
0.20412349700927734
0.17972874641418457
0.20412349700927734
0.17972874641418457
0.20412349700927734
0.17972874641418457
0.20412349700927734