0.18837809562683105
0.18837809562683105
0.1810612678527832
0.18837809562683105
0.1810612678527832
0.18837809562683105
0.1810612678527832
0.18837809562683105
0.1810612678527832
0.18837809562683105
0.1810612678527832
0.18837809562683105
0.1810612678527832
0.18837809562683105
0.1810612678527832
0.18837809562683105
0.1810612678527832
0.18837809562683105
0.1810612678527832
0.18837809562683105
0.1810612678527832
0.18837809562683105
0.1810612678527832
0.18837809562683105
0.1810612678527832
0.18837809562683105
0.1810612678527832
0.18837809562683105
0.1810612678527832
0.18837809562683105
0.1810612678527832
0.18837809562683105
0.1810612678527832
0.18837809562683105
0.1810612678527832
0.18837809562683105
0.1810612678527832
0.18837809562683105
0.1810612678527832
0.18837809562683105
0.1810612678527832
0.18837809562683105
0.1810612678527832
0.18837809562683105
0.1810612678527832
0.18837809562683105
0.1810612678527832
0.2689824104309082
0.18837809562683105
0.1810612678527832
0.2689824104309082
0.18837809562683105
0.1810612678527832
0.2689824104309082
0.18837809562683105
0.1810612678527832
0.2689824104309082
0.18837809562683105
0.1810612678527832
0.2689824104309082
0.18837809562683105
0.1810612678527832
0.2689824104309082
0.18837809562683105
0.1810612678527832
0.2689824104309082