0.1958484649658203
0.1958484649658203
0.1958484649658203
0.18037962913513184
0.19623064994812012
0.1866779327392578
0.1958484649658203
0.18037962913513184
0.19623064994812012
0.1866779327392578
0.1958484649658203
0.18037962913513184
0.19623064994812012
0.1866779327392578
0.24418425559997559
0.1958484649658203
0.18037962913513184
0.19623064994812012
0.1866779327392578
0.24418425559997559
0.1958484649658203
0.18037962913513184
0.19623064994812012
0.1866779327392578
0.24418425559997559
0.1958484649658203
0.18037962913513184
0.19623064994812012
0.1866779327392578
0.24418425559997559
0.16400146484375
0.1958484649658203
0.18037962913513184
0.19623064994812012
0.1866779327392578
0.24418425559997559
0.16400146484375
0.1958484649658203
0.18037962913513184
0.19623064994812012
0.1866779327392578
0.24418425559997559
0.16400146484375
0.21640539169311523
0.1958484649658203
0.18037962913513184
0.19623064994812012
0.1866779327392578
0.24418425559997559
0.16400146484375
0.21640539169311523
0.1958484649658203
0.18037962913513184
0.19623064994812012
0.1866779327392578
0.24418425559997559
0.16400146484375
0.21640539169311523
0.1958484649658203
0.18037962913513184
0.19623064994812012
0.1866779327392578
0.24418425559997559
0.16400146484375
0.21640539169311523
0.17997312545776367
0.1958484649658203
0.18037962913513184
0.19623064994812012
0.1866779327392578
0.24418425559997559
0.16400146484375
0.21640539169311523
0.17997312545776367
0.9334166049957275
0.1947791576385498
0.1958484649658203
0.18037962913513184
0.19623064994812012
0.1866779327392578
0.24418425559997559
0.16400146484375
0.21640539169311523
0.17997312545776367
0.9334166049957275
0.1947791576385498
0.18224215507507324
0.1958484649658203
0.18037962913513184
0.19623064994812012
0.1866779327392578
0.24418425559997559
0.16400146484375
0.21640539169311523
0.17997312545776367
0.9334166049957275
0.1947791576385498
0.18224215507507324
0.1958484649658203
0.18037962913513184
0.19623064994812012
0.1866779327392578
0.24418425559997559
0.16400146484375
0.21640539169311523
0.17997312545776367
0.9334166049957275
0.1947791576385498
0.18224215507507324
0.1958484649658203
0.18037962913513184
0.19623064994812012
0.1866779327392578
0.24418425559997559
0.16400146484375
0.21640539169311523
0.17997312545776367
0.9334166049957275
0.1947791576385498
0.18224215507507324
0.1958484649658203
0.18037962913513184
0.19623064994812012
0.1866779327392578
0.24418425559997559
0.16400146484375
0.21640539169311523
0.17997312545776367
0.9334166049957275
0.1947791576385498
0.18224215507507324
0.1958484649658203
0.18037962913513184
0.19623064994812012
0.1866779327392578
0.24418425559997559
0.16400146484375
0.21640539169311523
0.17997312545776367
0.9334166049957275
0.1947791576385498
0.18224215507507324
0.18872618675231934
0.19619417190551758
0.1958484649658203
0.18037962913513184
0.19623064994812012
0.1866779327392578
0.24418425559997559
0.16400146484375
0.21640539169311523
0.17997312545776367
0.9334166049957275
0.1947791576385498
0.18224215507507324
0.18872618675231934
0.19619417190551758
0.1958484649658203
0.18037962913513184
0.19623064994812012
0.1866779327392578
0.24418425559997559
0.16400146484375
0.21640539169311523
0.17997312545776367
0.9334166049957275
0.1947791576385498
0.18224215507507324
0.18872618675231934
0.19619417190551758
0.19533514976501465
0.1958484649658203
0.18037962913513184
0.19623064994812012
0.1866779327392578
0.24418425559997559
0.16400146484375
0.21640539169311523
0.17997312545776367
0.9334166049957275
0.1947791576385498
0.18224215507507324
0.18872618675231934
0.19619417190551758
0.19533514976501465
0.1879270076751709
0.1958484649658203
0.18037962913513184
0.19623064994812012
0.1866779327392578
0.24418425559997559
0.16400146484375
0.21640539169311523
0.17997312545776367
0.9334166049957275
0.1947791576385498
0.18224215507507324
0.18872618675231934
0.19619417190551758
0.19533514976501465
0.1879270076751709
0.1958484649658203
0.18037962913513184
0.19623064994812012
0.1866779327392578
0.24418425559997559
0.16400146484375
0.21640539169311523
0.17997312545776367
0.9334166049957275
0.1947791576385498
0.18224215507507324
0.18872618675231934
0.19619417190551758
0.19533514976501465
0.1879270076751709
0.1958484649658203
0.18037962913513184
0.19623064994812012
0.1866779327392578
0.24418425559997559
0.16400146484375
0.21640539169311523
0.17997312545776367
0.9334166049957275
0.1947791576385498
0.18224215507507324
0.18872618675231934
0.19619417190551758
0.19533514976501465
0.1879270076751709
0.1958484649658203
0.18037962913513184
0.19623064994812012
0.1866779327392578
0.24418425559997559
0.16400146484375
0.21640539169311523
0.17997312545776367
0.9334166049957275
0.1947791576385498
0.18224215507507324
0.18872618675231934
0.19619417190551758
0.19533514976501465
0.1879270076751709