0.1961376667022705
0.20886993408203125
0.1961376667022705
0.20886993408203125
0.1961376667022705
0.20886993408203125
0.24308252334594727
0.1961376667022705
0.20886993408203125
0.24308252334594727
0.1961376667022705
0.20886993408203125
0.24308252334594727
0.1961376667022705
0.20886993408203125
0.24308252334594727
0.1961376667022705
0.20886993408203125
0.24308252334594727
0.219970703125
0.220001220703125
0.1961376667022705
0.20886993408203125
0.24308252334594727
0.219970703125
0.220001220703125
0.26009654998779297
0.1961376667022705
0.20886993408203125
0.24308252334594727
0.219970703125
0.220001220703125
0.26009654998779297
0.1961376667022705
0.20886993408203125
0.24308252334594727
0.219970703125
0.220001220703125
0.26009654998779297
0.18809223175048828
0.1961376667022705
0.20886993408203125
0.24308252334594727
0.219970703125
0.220001220703125
0.26009654998779297
0.18809223175048828
0.1961376667022705
0.20886993408203125
0.24308252334594727
0.219970703125
0.220001220703125
0.26009654998779297
0.18809223175048828
0.1961376667022705
0.20886993408203125
0.24308252334594727
0.219970703125
0.220001220703125
0.26009654998779297
0.18809223175048828
0.1961376667022705
0.20886993408203125
0.24308252334594727
0.219970703125
0.220001220703125
0.26009654998779297
0.18809223175048828
0.1961376667022705
0.20886993408203125
0.24308252334594727
0.219970703125
0.220001220703125
0.26009654998779297
0.18809223175048828
1.1662476062774658
0.1961376667022705
0.20886993408203125
0.24308252334594727
0.219970703125
0.220001220703125
0.26009654998779297
0.18809223175048828
1.1662476062774658
0.1961376667022705
0.20886993408203125
0.24308252334594727
0.219970703125
0.220001220703125
0.26009654998779297
0.18809223175048828
1.1662476062774658
0.1961376667022705
0.20886993408203125
0.24308252334594727
0.219970703125
0.220001220703125
0.26009654998779297
0.18809223175048828
1.1662476062774658
0.1961376667022705
0.20886993408203125
0.24308252334594727
0.219970703125
0.220001220703125
0.26009654998779297
0.18809223175048828
1.1662476062774658
0.1961376667022705
0.20886993408203125
0.24308252334594727
0.219970703125
0.220001220703125
0.26009654998779297
0.18809223175048828
1.1662476062774658
0.1961376667022705
0.20886993408203125
0.24308252334594727
0.219970703125
0.220001220703125
0.26009654998779297
0.18809223175048828
1.1662476062774658
0.1961376667022705
0.20886993408203125
0.24308252334594727
0.219970703125
0.220001220703125
0.26009654998779297
0.18809223175048828
1.1662476062774658
0.1961376667022705
0.20886993408203125
0.24308252334594727
0.219970703125
0.220001220703125
0.26009654998779297
0.18809223175048828
1.1662476062774658
0.1961376667022705
0.20886993408203125
0.24308252334594727
0.219970703125
0.220001220703125
0.26009654998779297
0.18809223175048828
1.1662476062774658
0.1961376667022705
0.20886993408203125
0.24308252334594727
0.219970703125
0.220001220703125
0.26009654998779297
0.18809223175048828
1.1662476062774658
0.1961376667022705
0.20886993408203125
0.24308252334594727
0.219970703125
0.220001220703125
0.26009654998779297
0.18809223175048828
1.1662476062774658
0.1961376667022705
0.20886993408203125
0.24308252334594727
0.219970703125
0.220001220703125
0.26009654998779297
0.18809223175048828
1.1662476062774658
0.22803115844726562
0.1961376667022705
0.20886993408203125
0.24308252334594727
0.219970703125
0.220001220703125
0.26009654998779297
0.18809223175048828
1.1662476062774658
0.22803115844726562
0.1961376667022705
0.20886993408203125
0.24308252334594727
0.219970703125
0.220001220703125
0.26009654998779297
0.18809223175048828
1.1662476062774658
0.22803115844726562
0.1961376667022705
0.20886993408203125
0.24308252334594727
0.219970703125
0.220001220703125
0.26009654998779297
0.18809223175048828
1.1662476062774658
0.22803115844726562
0.1961376667022705
0.20886993408203125
0.24308252334594727
0.219970703125
0.220001220703125
0.26009654998779297
0.18809223175048828
1.1662476062774658
0.22803115844726562