0.2591135501861572
0.2591135501861572
0.2591135501861572
0.2591135501861572
0.2591135501861572
0.2591135501861572
0.2591135501861572
0.2591135501861572
0.2591135501861572
0.2591135501861572
0.2591135501861572
0.2591135501861572
0.2591135501861572
0.2591135501861572
0.2591135501861572
0.2591135501861572
0.2591135501861572
0.2591135501861572
0.2591135501861572
0.2591135501861572
0.2591135501861572
0.2591135501861572
0.2591135501861572
0.2591135501861572
0.2591135501861572
0.2591135501861572
0.2591135501861572
0.2591135501861572
0.2591135501861572