0.34001612663269043
0.34001612663269043
0.34001612663269043
0.34001612663269043
0.34001612663269043
0.34001612663269043
0.34001612663269043
0.3723001480102539
0.34001612663269043
0.3723001480102539
0.34001612663269043
0.3723001480102539
0.34001612663269043
0.3723001480102539
0.34001612663269043
0.3723001480102539
0.34001612663269043
0.3723001480102539
0.34001612663269043
0.3723001480102539
0.34001612663269043
0.3723001480102539
0.34001612663269043
0.3723001480102539
0.34001612663269043
0.3723001480102539
0.34001612663269043
0.3723001480102539
0.34001612663269043
0.3723001480102539