0.7760529518127441
0.7760529518127441
0.7760529518127441
0.7760529518127441
0.46024203300476074
0.7760529518127441
0.46024203300476074
0.7760529518127441
0.46024203300476074
0.7760529518127441
0.46024203300476074
0.7760529518127441
0.46024203300476074
0.7760529518127441
0.46024203300476074
0.7760529518127441
0.46024203300476074
0.7760529518127441
0.46024203300476074
0.7760529518127441
0.46024203300476074
0.7760529518127441
0.46024203300476074
0.7760529518127441
0.46024203300476074
0.7760529518127441
0.46024203300476074
0.7760529518127441
0.46024203300476074
0.7760529518127441
0.46024203300476074
0.7760529518127441
0.46024203300476074
0.7760529518127441
0.46024203300476074
0.7760529518127441
0.46024203300476074
0.7760529518127441
0.46024203300476074
0.7760529518127441
0.46024203300476074
0.7760529518127441
0.46024203300476074
0.7760529518127441
0.46024203300476074
0.7760529518127441
0.46024203300476074
0.7760529518127441
0.46024203300476074
0.7760529518127441
0.46024203300476074
0.7760529518127441
0.46024203300476074
0.7760529518127441
0.46024203300476074