0.2664151191711426
0.2270667552947998
0.2664151191711426
0.2270667552947998
0.2664151191711426
0.2270667552947998
0.2664151191711426
0.2270667552947998
0.3203396797180176
0.2664151191711426
0.2270667552947998
0.3203396797180176
0.2664151191711426
0.2270667552947998
0.3203396797180176
0.267153263092041
0.2664151191711426
0.2270667552947998
0.3203396797180176
0.267153263092041
0.2811107635498047
0.2664151191711426
0.2270667552947998
0.3203396797180176
0.267153263092041
0.2811107635498047
0.2664151191711426
0.2270667552947998
0.3203396797180176
0.267153263092041
0.2811107635498047
0.2664151191711426
0.2270667552947998
0.3203396797180176
0.267153263092041
0.2811107635498047
0.2664151191711426
0.2270667552947998
0.3203396797180176
0.267153263092041
0.2811107635498047
0.22695493698120117
0.2664151191711426
0.2270667552947998
0.3203396797180176
0.267153263092041
0.2811107635498047
0.22695493698120117
0.274899959564209
0.2664151191711426
0.2270667552947998
0.3203396797180176
0.267153263092041
0.2811107635498047
0.22695493698120117
0.274899959564209
0.2664151191711426
0.2270667552947998
0.3203396797180176
0.267153263092041
0.2811107635498047
0.22695493698120117
0.274899959564209
0.2664151191711426
0.2270667552947998
0.3203396797180176
0.267153263092041
0.2811107635498047
0.22695493698120117
0.274899959564209
0.2664151191711426
0.2270667552947998
0.3203396797180176
0.267153263092041
0.2811107635498047
0.22695493698120117
0.274899959564209
0.2664151191711426
0.2270667552947998
0.3203396797180176
0.267153263092041
0.2811107635498047
0.22695493698120117
0.274899959564209
0.2664151191711426
0.2270667552947998
0.3203396797180176
0.267153263092041
0.2811107635498047
0.22695493698120117
0.274899959564209
0.3125154972076416
0.2664151191711426
0.2270667552947998
0.3203396797180176
0.267153263092041
0.2811107635498047
0.22695493698120117
0.274899959564209
0.3125154972076416
0.2664151191711426
0.2270667552947998
0.3203396797180176
0.267153263092041
0.2811107635498047
0.22695493698120117
0.274899959564209
0.3125154972076416
0.530576229095459
0.2664151191711426
0.2270667552947998
0.3203396797180176
0.267153263092041
0.2811107635498047
0.22695493698120117
0.274899959564209
0.3125154972076416
0.530576229095459
0.2664151191711426
0.2270667552947998
0.3203396797180176
0.267153263092041
0.2811107635498047
0.22695493698120117
0.274899959564209
0.3125154972076416
0.530576229095459
0.2664151191711426
0.2270667552947998
0.3203396797180176
0.267153263092041
0.2811107635498047
0.22695493698120117
0.274899959564209
0.3125154972076416
0.530576229095459
0.28291821479797363
0.2664151191711426
0.2270667552947998
0.3203396797180176
0.267153263092041
0.2811107635498047
0.22695493698120117
0.274899959564209
0.3125154972076416
0.530576229095459
0.28291821479797363
0.2664151191711426
0.2270667552947998
0.3203396797180176
0.267153263092041
0.2811107635498047
0.22695493698120117
0.274899959564209
0.3125154972076416
0.530576229095459
0.28291821479797363
0.2664151191711426
0.2270667552947998
0.3203396797180176
0.267153263092041
0.2811107635498047
0.22695493698120117
0.274899959564209
0.3125154972076416
0.530576229095459
0.28291821479797363
0.2664151191711426
0.2270667552947998
0.3203396797180176
0.267153263092041
0.2811107635498047
0.22695493698120117
0.274899959564209
0.3125154972076416
0.530576229095459
0.28291821479797363
0.2664151191711426
0.2270667552947998
0.3203396797180176
0.267153263092041
0.2811107635498047
0.22695493698120117
0.274899959564209
0.3125154972076416
0.530576229095459
0.28291821479797363
0.2511765956878662
0.2664151191711426
0.2270667552947998
0.3203396797180176
0.267153263092041
0.2811107635498047
0.22695493698120117
0.274899959564209
0.3125154972076416
0.530576229095459
0.28291821479797363
0.2511765956878662
0.2664151191711426
0.2270667552947998
0.3203396797180176
0.267153263092041
0.2811107635498047
0.22695493698120117
0.274899959564209
0.3125154972076416
0.530576229095459
0.28291821479797363
0.2511765956878662