0.8801040649414062
0.8801040649414062
0.8801040649414062
0.8801040649414062
0.8801040649414062
0.8801040649414062
1.1597874164581299
0.8801040649414062
1.1597874164581299
0.8801040649414062
1.1597874164581299
0.8801040649414062
1.1597874164581299
0.8801040649414062
1.1597874164581299
0.8801040649414062
1.1597874164581299
0.8801040649414062
1.1597874164581299
0.8801040649414062
1.1597874164581299
0.8801040649414062
1.1597874164581299
0.8801040649414062
1.1597874164581299
0.8801040649414062
1.1597874164581299
0.8801040649414062
1.1597874164581299