0.16953134536743164
0.1589035987854004
0.24971771240234375
0.334928035736084
0.18767070770263672
0.2420790195465088
0.2884800434112549
0.5361874103546143
0.23023605346679688
0.21692919731140137
0.17668938636779785
0.15565991401672363
0.21825361251831055
0.16674447059631348
0.16060972213745117
0.24202966690063477
0.32309651374816895
0.220564603805542
0.3079977035522461
0.24602723121643066
0.1613450050354004
0.19254779815673828
0.17605066299438477
0.16653823852539062
0.2752399444580078
0.32520413398742676
0.165879487991333
0.34608030319213867
0.3159360885620117
0.18973183631896973
0.18748831748962402
0.173386812210083