0.19399142265319824
0.15299630165100098
0.19398903846740723
0.22198152542114258
0.17708539962768555
0.1729295253753662
0.1878061294555664
0.2057325839996338
0.2321000099182129
0.2544877529144287
0.17906856536865234
0.1760857105255127
0.18145060539245605
0.2710587978363037
0.19617176055908203
0.17707204818725586
0.17003846168518066
0.1659069061279297
0.18376731872558594
0.19312810897827148
0.25168728828430176
0.2140958309173584
0.2964792251586914
0.14397644996643066
0.15413451194763184
0.19495129585266113
0.16517114639282227
0.2203502655029297
0.19304847717285156
0.36020922660827637
0.1908402442932129