0.18848562240600586
0.18848562240600586
0.18848562240600586
0.18848562240600586
0.18848562240600586
0.18848562240600586
0.18848562240600586
0.18848562240600586
0.14883685111999512
0.18848562240600586
0.14883685111999512
0.18070578575134277
0.18848562240600586
0.14883685111999512
0.18070578575134277
0.18848562240600586
0.14883685111999512
0.18070578575134277
0.18848562240600586
0.14883685111999512
0.18070578575134277
0.18848562240600586
0.14883685111999512
0.18070578575134277
0.18848562240600586
0.14883685111999512
0.18070578575134277
0.18848562240600586
0.14883685111999512
0.18070578575134277
0.18848562240600586
0.14883685111999512
0.18070578575134277
0.18848562240600586
0.14883685111999512
0.18070578575134277
0.18848562240600586
0.14883685111999512
0.18070578575134277