0.35965824127197266
0.35965824127197266
0.35965824127197266
0.35965824127197266
0.35965824127197266
0.35965824127197266
0.35965824127197266
0.35965824127197266
0.35965824127197266
0.35965824127197266
1.578892707824707
0.35965824127197266
1.578892707824707
0.35965824127197266
1.578892707824707
0.35965824127197266
1.578892707824707
0.35965824127197266
1.578892707824707
0.35965824127197266
1.578892707824707
0.35965824127197266
1.578892707824707
0.35965824127197266
1.578892707824707
0.35965824127197266
1.578892707824707
0.35965824127197266
1.578892707824707
2.450648069381714
0.35965824127197266
1.578892707824707
2.450648069381714
0.35965824127197266
1.578892707824707
2.450648069381714
0.35965824127197266
1.578892707824707
2.450648069381714
0.35965824127197266
1.578892707824707
2.450648069381714
0.35965824127197266
1.578892707824707
2.450648069381714
0.35965824127197266
1.578892707824707
2.450648069381714
0.35965824127197266
1.578892707824707
2.450648069381714
0.35965824127197266
1.578892707824707
2.450648069381714
1.6461246013641357
0.35965824127197266
1.578892707824707
2.450648069381714
1.6461246013641357
0.35965824127197266
1.578892707824707
2.450648069381714
1.6461246013641357