0.25408172607421875
0.25408172607421875
0.1901102066040039
0.25408172607421875
0.1901102066040039
0.25390124320983887
0.25408172607421875
0.1901102066040039
0.25390124320983887
0.25408172607421875
0.1901102066040039
0.25390124320983887
0.19795465469360352
0.2144923210144043
0.25408172607421875
0.1901102066040039
0.25390124320983887
0.19795465469360352
0.2144923210144043
0.23003315925598145
0.25408172607421875
0.1901102066040039
0.25390124320983887
0.19795465469360352
0.2144923210144043
0.23003315925598145
0.25408172607421875
0.1901102066040039
0.25390124320983887
0.19795465469360352
0.2144923210144043
0.23003315925598145
0.22975921630859375
0.25408172607421875
0.1901102066040039
0.25390124320983887
0.19795465469360352
0.2144923210144043
0.23003315925598145
0.22975921630859375
0.26996922492980957
0.26182126998901367
0.25408172607421875
0.1901102066040039
0.25390124320983887
0.19795465469360352
0.2144923210144043
0.23003315925598145
0.22975921630859375
0.26996922492980957
0.26182126998901367
0.25408172607421875
0.1901102066040039
0.25390124320983887
0.19795465469360352
0.2144923210144043
0.23003315925598145
0.22975921630859375
0.26996922492980957
0.26182126998901367
0.25385475158691406
0.25408172607421875
0.1901102066040039
0.25390124320983887
0.19795465469360352
0.2144923210144043
0.23003315925598145
0.22975921630859375
0.26996922492980957
0.26182126998901367
0.25385475158691406
0.22997450828552246
0.25408172607421875
0.1901102066040039
0.25390124320983887
0.19795465469360352
0.2144923210144043
0.23003315925598145
0.22975921630859375
0.26996922492980957
0.26182126998901367
0.25385475158691406
0.22997450828552246
0.25408172607421875
0.1901102066040039
0.25390124320983887
0.19795465469360352
0.2144923210144043
0.23003315925598145
0.22975921630859375
0.26996922492980957
0.26182126998901367
0.25385475158691406
0.22997450828552246
0.25408172607421875
0.1901102066040039
0.25390124320983887
0.19795465469360352
0.2144923210144043
0.23003315925598145
0.22975921630859375
0.26996922492980957
0.26182126998901367
0.25385475158691406
0.22997450828552246
0.2619340419769287
0.25408172607421875
0.1901102066040039
0.25390124320983887
0.19795465469360352
0.2144923210144043
0.23003315925598145
0.22975921630859375
0.26996922492980957
0.26182126998901367
0.25385475158691406
0.22997450828552246
0.2619340419769287
0.25408172607421875
0.1901102066040039
0.25390124320983887
0.19795465469360352
0.2144923210144043
0.23003315925598145
0.22975921630859375
0.26996922492980957
0.26182126998901367
0.25385475158691406
0.22997450828552246
0.2619340419769287
0.23792266845703125
0.20538020133972168
0.25408172607421875
0.1901102066040039
0.25390124320983887
0.19795465469360352
0.2144923210144043
0.23003315925598145
0.22975921630859375
0.26996922492980957
0.26182126998901367
0.25385475158691406
0.22997450828552246
0.2619340419769287
0.23792266845703125
0.20538020133972168
0.23067045211791992
0.25408172607421875
0.1901102066040039
0.25390124320983887
0.19795465469360352
0.2144923210144043
0.23003315925598145
0.22975921630859375
0.26996922492980957
0.26182126998901367
0.25385475158691406
0.22997450828552246
0.2619340419769287
0.23792266845703125
0.20538020133972168
0.23067045211791992
0.25408172607421875
0.1901102066040039
0.25390124320983887
0.19795465469360352
0.2144923210144043
0.23003315925598145
0.22975921630859375
0.26996922492980957
0.26182126998901367
0.25385475158691406
0.22997450828552246
0.2619340419769287
0.23792266845703125
0.20538020133972168
0.23067045211791992
0.23016667366027832
0.25408172607421875
0.1901102066040039
0.25390124320983887
0.19795465469360352
0.2144923210144043
0.23003315925598145
0.22975921630859375
0.26996922492980957
0.26182126998901367
0.25385475158691406
0.22997450828552246
0.2619340419769287
0.23792266845703125
0.20538020133972168
0.23067045211791992
0.23016667366027832
0.21949148178100586
0.25408172607421875
0.1901102066040039
0.25390124320983887
0.19795465469360352
0.2144923210144043
0.23003315925598145
0.22975921630859375
0.26996922492980957
0.26182126998901367
0.25385475158691406
0.22997450828552246
0.2619340419769287
0.23792266845703125
0.20538020133972168
0.23067045211791992
0.23016667366027832
0.21949148178100586
0.25408172607421875
0.1901102066040039
0.25390124320983887
0.19795465469360352
0.2144923210144043
0.23003315925598145
0.22975921630859375
0.26996922492980957
0.26182126998901367
0.25385475158691406
0.22997450828552246
0.2619340419769287
0.23792266845703125
0.20538020133972168
0.23067045211791992
0.23016667366027832
0.21949148178100586
0.21401643753051758
0.25408172607421875
0.1901102066040039
0.25390124320983887
0.19795465469360352
0.2144923210144043
0.23003315925598145
0.22975921630859375
0.26996922492980957
0.26182126998901367
0.25385475158691406
0.22997450828552246
0.2619340419769287
0.23792266845703125
0.20538020133972168
0.23067045211791992
0.23016667366027832
0.21949148178100586
0.21401643753051758
0.25408172607421875
0.1901102066040039
0.25390124320983887
0.19795465469360352
0.2144923210144043
0.23003315925598145
0.22975921630859375
0.26996922492980957
0.26182126998901367
0.25385475158691406
0.22997450828552246
0.2619340419769287
0.23792266845703125
0.20538020133972168
0.23067045211791992
0.23016667366027832
0.21949148178100586
0.21401643753051758
0.222214937210083
0.25408172607421875
0.1901102066040039
0.25390124320983887
0.19795465469360352
0.2144923210144043
0.23003315925598145
0.22975921630859375
0.26996922492980957
0.26182126998901367
0.25385475158691406
0.22997450828552246
0.2619340419769287
0.23792266845703125
0.20538020133972168
0.23067045211791992
0.23016667366027832
0.21949148178100586
0.21401643753051758
0.222214937210083
0.23776721954345703
0.23046088218688965
0.25408172607421875
0.1901102066040039
0.25390124320983887
0.19795465469360352
0.2144923210144043
0.23003315925598145
0.22975921630859375
0.26996922492980957
0.26182126998901367
0.25385475158691406
0.22997450828552246
0.2619340419769287
0.23792266845703125
0.20538020133972168
0.23067045211791992
0.23016667366027832
0.21949148178100586
0.21401643753051758
0.222214937210083
0.23776721954345703
0.23046088218688965
0.23027324676513672
0.2139873504638672
0.25408172607421875
0.1901102066040039
0.25390124320983887
0.19795465469360352
0.2144923210144043
0.23003315925598145
0.22975921630859375
0.26996922492980957
0.26182126998901367
0.25385475158691406
0.22997450828552246
0.2619340419769287
0.23792266845703125
0.20538020133972168
0.23067045211791992
0.23016667366027832
0.21949148178100586
0.21401643753051758
0.222214937210083
0.23776721954345703
0.23046088218688965
0.23027324676513672
0.2139873504638672
0.25408172607421875
0.1901102066040039
0.25390124320983887
0.19795465469360352
0.2144923210144043
0.23003315925598145
0.22975921630859375
0.26996922492980957
0.26182126998901367
0.25385475158691406
0.22997450828552246
0.2619340419769287
0.23792266845703125
0.20538020133972168
0.23067045211791992
0.23016667366027832
0.21949148178100586
0.21401643753051758
0.222214937210083
0.23776721954345703
0.23046088218688965
0.23027324676513672
0.2139873504638672