0.3485071659088135
0.3485071659088135
0.3485071659088135
0.3485071659088135
0.3485071659088135
0.3485071659088135
0.3485071659088135
0.3485071659088135
0.45210909843444824
0.3485071659088135
0.45210909843444824
0.3485071659088135
0.45210909843444824
0.3485071659088135
0.45210909843444824
0.3485071659088135
0.45210909843444824
0.3485071659088135
0.45210909843444824
0.3008387088775635
0.3485071659088135
0.45210909843444824
0.3008387088775635
0.3485071659088135
0.45210909843444824
0.3008387088775635
0.3485071659088135
0.45210909843444824
0.3008387088775635
0.22125697135925293
0.3485071659088135
0.45210909843444824
0.3008387088775635
0.22125697135925293
0.3485071659088135
0.45210909843444824
0.3008387088775635
0.22125697135925293
0.3485071659088135
0.45210909843444824
0.3008387088775635
0.22125697135925293
0.2213890552520752
0.3485071659088135
0.45210909843444824
0.3008387088775635
0.22125697135925293
0.2213890552520752
0.3485071659088135
0.45210909843444824
0.3008387088775635
0.22125697135925293
0.2213890552520752
0.3485071659088135
0.45210909843444824
0.3008387088775635
0.22125697135925293
0.2213890552520752
0.3485071659088135
0.45210909843444824
0.3008387088775635
0.22125697135925293
0.2213890552520752
0.3485071659088135
0.45210909843444824
0.3008387088775635
0.22125697135925293
0.2213890552520752
0.3485071659088135
0.45210909843444824
0.3008387088775635
0.22125697135925293
0.2213890552520752
0.3485071659088135
0.45210909843444824
0.3008387088775635
0.22125697135925293
0.2213890552520752