0.3654136657714844
0.3654136657714844
0.3654136657714844
0.3654136657714844
0.3654136657714844
0.3654136657714844
0.3654136657714844
0.3654136657714844
0.3241844177246094
0.3654136657714844
0.3241844177246094
0.3654136657714844
0.3241844177246094
0.3654136657714844
0.3241844177246094
0.20641112327575684
0.3654136657714844
0.3241844177246094
0.20641112327575684
0.3654136657714844
0.3241844177246094
0.20641112327575684
0.3654136657714844
0.3241844177246094
0.20641112327575684
0.6170306205749512
0.3654136657714844
0.3241844177246094
0.20641112327575684
0.6170306205749512
0.37320637702941895
0.3253178596496582
0.3654136657714844
0.3241844177246094
0.20641112327575684
0.6170306205749512
0.37320637702941895
0.3253178596496582
0.28520703315734863