0.17163562774658203
0.24989032745361328
0.20557451248168945
0.19302582740783691
0.16159868240356445
0.19409966468811035
0.2852938175201416
0.3506181240081787
0.7307837009429932
0.27593159675598145
0.19809889793395996
0.22266387939453125
0.1780850887298584
0.2748289108276367
0.1981041431427002
0.18131518363952637
0.1649613380432129
0.18116331100463867
0.1866159439086914
0.21586990356445312
0.22476506233215332
0.6912350654602051
0.19944095611572266
0.3070659637451172
0.714047908782959
0.18062210083007812
0.34689807891845703
0.37201595306396484
0.2608158588409424
0.29912805557250977
0.25591325759887695
0.17841577529907227
0.20444917678833008
0.19768500328063965
0.1651620864868164
0.19611573219299316
0.17637252807617188
0.18043804168701172
0.2640409469604492