0.33040380477905273
0.2989978790283203
0.33040380477905273
0.2989978790283203
0.33040380477905273
0.2989978790283203
0.4363088607788086
0.33040380477905273
0.2989978790283203
0.4363088607788086
0.33040380477905273
0.2989978790283203
0.4363088607788086
0.33040380477905273
0.2989978790283203
0.4363088607788086
0.33040380477905273
0.2989978790283203
0.4363088607788086
0.33040380477905273
0.2989978790283203
0.4363088607788086
0.33040380477905273
0.2989978790283203
0.4363088607788086
0.33040380477905273
0.2989978790283203
0.4363088607788086
0.2510383129119873
0.33040380477905273
0.2989978790283203
0.4363088607788086
0.2510383129119873
0.33040380477905273
0.2989978790283203
0.4363088607788086
0.2510383129119873
0.36339783668518066
0.33040380477905273
0.2989978790283203
0.4363088607788086
0.2510383129119873
0.36339783668518066
0.33040380477905273
0.2989978790283203
0.4363088607788086
0.2510383129119873
0.36339783668518066
0.33040380477905273
0.2989978790283203
0.4363088607788086
0.2510383129119873
0.36339783668518066
0.33040380477905273
0.2989978790283203
0.4363088607788086
0.2510383129119873
0.36339783668518066
0.33040380477905273
0.2989978790283203
0.4363088607788086
0.2510383129119873
0.36339783668518066
0.33040380477905273
0.2989978790283203
0.4363088607788086
0.2510383129119873
0.36339783668518066
0.43451809883117676
0.33040380477905273
0.2989978790283203
0.4363088607788086
0.2510383129119873
0.36339783668518066
0.43451809883117676
0.33040380477905273
0.2989978790283203
0.4363088607788086
0.2510383129119873
0.36339783668518066
0.43451809883117676
0.33040380477905273
0.2989978790283203
0.4363088607788086
0.2510383129119873
0.36339783668518066
0.43451809883117676
0.33040380477905273
0.2989978790283203
0.4363088607788086
0.2510383129119873
0.36339783668518066
0.43451809883117676
0.33040380477905273
0.2989978790283203
0.4363088607788086
0.2510383129119873
0.36339783668518066
0.43451809883117676
0.33040380477905273
0.2989978790283203
0.4363088607788086
0.2510383129119873
0.36339783668518066
0.43451809883117676
0.33040380477905273
0.2989978790283203
0.4363088607788086
0.2510383129119873
0.36339783668518066
0.43451809883117676
0.33040380477905273
0.2989978790283203
0.4363088607788086
0.2510383129119873
0.36339783668518066
0.43451809883117676
0.33040380477905273
0.2989978790283203
0.4363088607788086
0.2510383129119873
0.36339783668518066
0.43451809883117676
0.33040380477905273
0.2989978790283203
0.4363088607788086
0.2510383129119873
0.36339783668518066
0.43451809883117676