0.5788278579711914
0.32932233810424805
0.5788278579711914
0.32932233810424805
0.5788278579711914
0.32932233810424805
0.451310396194458
0.5788278579711914
0.32932233810424805
0.451310396194458
0.5788278579711914
0.32932233810424805
0.451310396194458
0.5788278579711914
0.32932233810424805
0.451310396194458
0.5788278579711914
0.32932233810424805
0.451310396194458
0.5788278579711914
0.32932233810424805
0.451310396194458
0.5788278579711914
0.32932233810424805
0.451310396194458
0.16337060928344727
1.279860258102417
0.5788278579711914
0.32932233810424805
0.451310396194458
0.16337060928344727
1.279860258102417
0.3384532928466797
0.7608175277709961
0.5788278579711914
0.32932233810424805
0.451310396194458
0.16337060928344727
1.279860258102417
0.3384532928466797
0.7608175277709961
0.5788278579711914
0.32932233810424805
0.451310396194458
0.16337060928344727
1.279860258102417
0.3384532928466797
0.7608175277709961
0.5788278579711914
0.32932233810424805
0.451310396194458
0.16337060928344727
1.279860258102417
0.3384532928466797
0.7608175277709961
0.5788278579711914
0.32932233810424805
0.451310396194458
0.16337060928344727
1.279860258102417
0.3384532928466797
0.7608175277709961
0.5788278579711914
0.32932233810424805
0.451310396194458
0.16337060928344727
1.279860258102417
0.3384532928466797
0.7608175277709961