0.23688173294067383
0.18406271934509277
0.17684149742126465
0.2420177459716797
0.24704885482788086
0.3856809139251709
0.5890388488769531
0.20903229713439941
0.16390085220336914
0.42810487747192383
0.17669153213500977
0.17006921768188477
0.3148629665374756
0.34272265434265137
0.14390969276428223
0.1821584701538086
0.20218873023986816
0.16523265838623047
0.4764420986175537
0.228501558303833
0.15886449813842773
0.18003392219543457
0.17792105674743652
0.21003413200378418
0.24407601356506348
0.16168546676635742
0.24649691581726074
0.16237568855285645