0.15645170211791992
0.15645170211791992
0.15645170211791992
0.15645170211791992
0.15645170211791992
0.15645170211791992
0.15645170211791992
0.15645170211791992
0.300018310546875
0.15645170211791992
0.300018310546875
0.15645170211791992
0.300018310546875
0.1647038459777832
0.15645170211791992
0.300018310546875
0.1647038459777832
0.15645170211791992
0.300018310546875
0.1647038459777832
0.15645170211791992
0.300018310546875
0.1647038459777832
0.15654873847961426
0.15645170211791992
0.300018310546875
0.1647038459777832
0.15654873847961426
0.15645170211791992
0.300018310546875
0.1647038459777832
0.15654873847961426
0.15645170211791992
0.300018310546875
0.1647038459777832
0.15654873847961426
0.15645170211791992
0.300018310546875
0.1647038459777832
0.15654873847961426
0.15645170211791992
0.300018310546875
0.1647038459777832
0.15654873847961426
0.18071269989013672
0.15686488151550293
0.15645170211791992
0.300018310546875
0.1647038459777832
0.15654873847961426
0.18071269989013672
0.15686488151550293
0.15645170211791992
0.300018310546875
0.1647038459777832
0.15654873847961426
0.18071269989013672
0.15686488151550293
0.15645170211791992
0.300018310546875
0.1647038459777832
0.15654873847961426
0.18071269989013672
0.15686488151550293
0.9703590869903564
0.15645170211791992
0.300018310546875
0.1647038459777832
0.15654873847961426
0.18071269989013672
0.15686488151550293
0.9703590869903564
0.15645170211791992
0.300018310546875
0.1647038459777832
0.15654873847961426
0.18071269989013672
0.15686488151550293
0.9703590869903564
0.15645170211791992
0.300018310546875
0.1647038459777832
0.15654873847961426
0.18071269989013672
0.15686488151550293
0.9703590869903564
0.15645170211791992
0.300018310546875
0.1647038459777832
0.15654873847961426
0.18071269989013672
0.15686488151550293
0.9703590869903564
0.15645170211791992
0.300018310546875
0.1647038459777832
0.15654873847961426
0.18071269989013672
0.15686488151550293
0.9703590869903564
0.15645170211791992
0.300018310546875
0.1647038459777832
0.15654873847961426
0.18071269989013672
0.15686488151550293
0.9703590869903564
0.22060036659240723
0.15645170211791992
0.300018310546875
0.1647038459777832
0.15654873847961426
0.18071269989013672
0.15686488151550293
0.9703590869903564
0.22060036659240723
0.18082165718078613
0.14850258827209473
0.15645170211791992
0.300018310546875
0.1647038459777832
0.15654873847961426
0.18071269989013672
0.15686488151550293
0.9703590869903564
0.22060036659240723
0.18082165718078613
0.14850258827209473
0.15645170211791992
0.300018310546875
0.1647038459777832
0.15654873847961426
0.18071269989013672
0.15686488151550293
0.9703590869903564
0.22060036659240723
0.18082165718078613
0.14850258827209473