0.26642751693725586
0.26642751693725586
0.26642751693725586
0.26642751693725586
0.26642751693725586
0.26642751693725586
0.26642751693725586
0.26642751693725586
0.26642751693725586
0.26642751693725586
0.26642751693725586
0.26642751693725586
0.26642751693725586
0.26642751693725586
0.26642751693725586
0.26642751693725586
0.26642751693725586
0.26642751693725586
0.26642751693725586
0.26642751693725586
0.26642751693725586
0.26642751693725586
0.26642751693725586
0.26642751693725586
0.26642751693725586
0.26642751693725586
0.26642751693725586
0.26642751693725586
0.26642751693725586
0.26642751693725586