0.21152544021606445
0.201308012008667
0.29887962341308594
0.16889238357543945
0.2213883399963379
0.1966874599456787
0.21663284301757812
0.19333600997924805
0.2094719409942627
0.23584580421447754
0.21275997161865234
0.2109520435333252
0.20014452934265137
0.20734024047851562
0.20308876037597656
0.21172761917114258
0.1994309425354004
0.19598889350891113
0.26207947731018066
0.23992323875427246
0.19975686073303223
0.2341454029083252
0.2086644172668457
0.2168581485748291
0.19904756546020508
0.18194985389709473
0.20720171928405762
0.17908477783203125
0.18055200576782227
0.244232177734375
0.23189616203308105
0.19404244422912598
0.17203974723815918
0.2255859375
0.2588679790496826
0.18605470657348633
0.22763752937316895
0.2090468406677246
0.539928674697876
0.18629765510559082
0.20133352279663086
0.20714044570922852
0.23334980010986328
0.2738828659057617
0.2314622402191162
0.27570676803588867
0.16835808753967285
0.1839745044708252
0.21245932579040527
0.21137690544128418
0.22827649116516113
0.22550702095031738
0.1775655746459961
0.19567608833312988