0.23704218864440918
0.2280571460723877
0.23704218864440918
0.2280571460723877
0.23704218864440918
0.2280571460723877
0.23704218864440918
0.2280571460723877
0.23704218864440918
0.2280571460723877
0.23704218864440918
0.2280571460723877
0.23704218864440918
0.2280571460723877
0.23704218864440918
0.2280571460723877
0.14928102493286133
0.23704218864440918
0.2280571460723877
0.14928102493286133
0.23704218864440918
0.2280571460723877
0.14928102493286133
0.23704218864440918
0.2280571460723877
0.14928102493286133
0.23704218864440918
0.2280571460723877
0.14928102493286133
0.23704218864440918
0.2280571460723877
0.14928102493286133
0.23704218864440918
0.2280571460723877
0.14928102493286133
0.23704218864440918
0.2280571460723877
0.14928102493286133
0.23704218864440918
0.2280571460723877
0.14928102493286133
0.23704218864440918
0.2280571460723877
0.14928102493286133
0.23704218864440918
0.2280571460723877
0.14928102493286133
0.23704218864440918
0.2280571460723877
0.14928102493286133
0.18061494827270508
0.23704218864440918
0.2280571460723877
0.14928102493286133
0.18061494827270508
0.23704218864440918
0.2280571460723877
0.14928102493286133
0.18061494827270508
0.23704218864440918
0.2280571460723877
0.14928102493286133
0.18061494827270508
0.23704218864440918
0.2280571460723877
0.14928102493286133
0.18061494827270508
0.23704218864440918
0.2280571460723877
0.14928102493286133
0.18061494827270508
0.2531003952026367
0.23704218864440918
0.2280571460723877
0.14928102493286133
0.18061494827270508
0.2531003952026367
0.23704218864440918
0.2280571460723877
0.14928102493286133
0.18061494827270508
0.2531003952026367
0.23704218864440918
0.2280571460723877
0.14928102493286133
0.18061494827270508
0.2531003952026367