0.6414806842803955
0.6414806842803955
0.29036831855773926
0.34642910957336426
0.6414806842803955
0.29036831855773926
0.34642910957336426
0.6414806842803955
0.29036831855773926
0.34642910957336426
0.6414806842803955
0.29036831855773926
0.34642910957336426
0.6414806842803955
0.29036831855773926
0.34642910957336426
0.6414806842803955
0.29036831855773926
0.34642910957336426
0.6414806842803955
0.29036831855773926
0.34642910957336426
0.6414806842803955
0.29036831855773926
0.34642910957336426
0.6414806842803955
0.29036831855773926
0.34642910957336426