0.22639036178588867
0.2193892002105713
0.22639036178588867
0.2193892002105713
0.22639036178588867
0.2193892002105713
0.22765755653381348
0.22639036178588867
0.2193892002105713
0.22765755653381348
0.22639036178588867
0.2193892002105713
0.22765755653381348
3.6229329109191895
0.22639036178588867
0.2193892002105713
0.22765755653381348
3.6229329109191895
0.22639036178588867
0.2193892002105713
0.22765755653381348
3.6229329109191895
0.22595477104187012
0.22639036178588867
0.2193892002105713
0.22765755653381348
3.6229329109191895
0.22595477104187012
0.22639036178588867
0.2193892002105713
0.22765755653381348
3.6229329109191895
0.22595477104187012
0.22639036178588867
0.2193892002105713
0.22765755653381348
3.6229329109191895
0.22595477104187012
0.22639036178588867
0.2193892002105713
0.22765755653381348
3.6229329109191895
0.22595477104187012
0.22639036178588867
0.2193892002105713
0.22765755653381348
3.6229329109191895
0.22595477104187012
0.26731204986572266
0.22639036178588867
0.2193892002105713
0.22765755653381348
3.6229329109191895
0.22595477104187012
0.26731204986572266
0.23545455932617188
0.22639036178588867
0.2193892002105713
0.22765755653381348
3.6229329109191895
0.22595477104187012
0.26731204986572266
0.23545455932617188
0.25142860412597656
0.22639036178588867
0.2193892002105713
0.22765755653381348
3.6229329109191895
0.22595477104187012
0.26731204986572266
0.23545455932617188
0.25142860412597656
0.22639036178588867
0.2193892002105713
0.22765755653381348
3.6229329109191895
0.22595477104187012
0.26731204986572266
0.23545455932617188
0.25142860412597656
0.29155993461608887
0.33130979537963867
0.22639036178588867
0.2193892002105713
0.22765755653381348
3.6229329109191895
0.22595477104187012
0.26731204986572266
0.23545455932617188
0.25142860412597656
0.29155993461608887
0.33130979537963867
0.22639036178588867
0.2193892002105713
0.22765755653381348
3.6229329109191895
0.22595477104187012
0.26731204986572266
0.23545455932617188
0.25142860412597656
0.29155993461608887
0.33130979537963867
0.22639036178588867
0.2193892002105713
0.22765755653381348
3.6229329109191895
0.22595477104187012
0.26731204986572266
0.23545455932617188
0.25142860412597656
0.29155993461608887
0.33130979537963867
0.22639036178588867
0.2193892002105713
0.22765755653381348
3.6229329109191895
0.22595477104187012
0.26731204986572266
0.23545455932617188
0.25142860412597656
0.29155993461608887
0.33130979537963867
0.22639036178588867
0.2193892002105713
0.22765755653381348
3.6229329109191895
0.22595477104187012
0.26731204986572266
0.23545455932617188
0.25142860412597656
0.29155993461608887
0.33130979537963867
0.22639036178588867
0.2193892002105713
0.22765755653381348
3.6229329109191895
0.22595477104187012
0.26731204986572266
0.23545455932617188
0.25142860412597656
0.29155993461608887
0.33130979537963867
0.22639036178588867
0.2193892002105713
0.22765755653381348
3.6229329109191895
0.22595477104187012
0.26731204986572266
0.23545455932617188
0.25142860412597656
0.29155993461608887
0.33130979537963867
0.25839948654174805
0.22639036178588867
0.2193892002105713
0.22765755653381348
3.6229329109191895
0.22595477104187012
0.26731204986572266
0.23545455932617188
0.25142860412597656
0.29155993461608887
0.33130979537963867
0.25839948654174805
0.6735885143280029
0.22639036178588867
0.2193892002105713
0.22765755653381348
3.6229329109191895
0.22595477104187012
0.26731204986572266
0.23545455932617188
0.25142860412597656
0.29155993461608887
0.33130979537963867
0.25839948654174805
0.6735885143280029
0.22639036178588867
0.2193892002105713
0.22765755653381348
3.6229329109191895
0.22595477104187012
0.26731204986572266
0.23545455932617188
0.25142860412597656
0.29155993461608887
0.33130979537963867
0.25839948654174805
0.6735885143280029
0.2197706699371338
0.22639036178588867
0.2193892002105713
0.22765755653381348
3.6229329109191895
0.22595477104187012
0.26731204986572266
0.23545455932617188
0.25142860412597656
0.29155993461608887
0.33130979537963867
0.25839948654174805
0.6735885143280029
0.2197706699371338
0.22639036178588867
0.2193892002105713
0.22765755653381348
3.6229329109191895
0.22595477104187012
0.26731204986572266
0.23545455932617188
0.25142860412597656
0.29155993461608887
0.33130979537963867
0.25839948654174805
0.6735885143280029
0.2197706699371338