0.2358841896057129
0.2358841896057129
0.2358841896057129
0.2358841896057129
0.3166494369506836
0.2118692398071289
0.2358841896057129
0.3166494369506836
0.2118692398071289
0.2358841896057129
0.3166494369506836
0.2118692398071289
0.2358841896057129
0.3166494369506836
0.2118692398071289
0.2358841896057129
0.3166494369506836
0.2118692398071289
0.2358841896057129
0.3166494369506836
0.2118692398071289
0.2358841896057129
0.3166494369506836
0.2118692398071289
0.18766093254089355
0.2358841896057129
0.3166494369506836
0.2118692398071289
0.18766093254089355
0.2358841896057129
0.3166494369506836
0.2118692398071289
0.18766093254089355
0.2358841896057129
0.3166494369506836
0.2118692398071289
0.18766093254089355
0.2358841896057129
0.3166494369506836
0.2118692398071289
0.18766093254089355
0.2358841896057129
0.3166494369506836
0.2118692398071289
0.18766093254089355
0.2358841896057129
0.3166494369506836
0.2118692398071289
0.18766093254089355
0.2358841896057129
0.3166494369506836
0.2118692398071289
0.18766093254089355
0.2358841896057129
0.3166494369506836
0.2118692398071289
0.18766093254089355
0.2358841896057129
0.3166494369506836
0.2118692398071289
0.18766093254089355
0.2358841896057129
0.3166494369506836
0.2118692398071289
0.18766093254089355
0.2358841896057129
0.3166494369506836
0.2118692398071289
0.18766093254089355
0.2358841896057129
0.3166494369506836
0.2118692398071289
0.18766093254089355
0.2358841896057129
0.3166494369506836
0.2118692398071289
0.18766093254089355
0.26043701171875
0.29981565475463867
0.2358841896057129
0.3166494369506836
0.2118692398071289
0.18766093254089355
0.26043701171875
0.29981565475463867
0.1642293930053711
0.2358841896057129
0.3166494369506836
0.2118692398071289
0.18766093254089355
0.26043701171875
0.29981565475463867
0.1642293930053711
0.2358841896057129
0.3166494369506836
0.2118692398071289
0.18766093254089355
0.26043701171875
0.29981565475463867
0.1642293930053711
0.2358841896057129
0.3166494369506836
0.2118692398071289
0.18766093254089355
0.26043701171875
0.29981565475463867
0.1642293930053711
0.2358841896057129
0.3166494369506836
0.2118692398071289
0.18766093254089355
0.26043701171875
0.29981565475463867
0.1642293930053711