0.3149073123931885
0.3149073123931885
0.3149073123931885
0.3149073123931885
0.3149073123931885
0.3149073123931885
0.3149073123931885
0.3149073123931885
0.3149073123931885
0.3149073123931885
0.3149073123931885
0.3149073123931885
0.3226637840270996
0.3146975040435791
0.3149073123931885
0.3226637840270996
0.3146975040435791
0.3149073123931885
0.3226637840270996
0.3146975040435791
0.3149073123931885
0.3226637840270996
0.3146975040435791
1.538933277130127
0.3149073123931885
0.3226637840270996
0.3146975040435791
1.538933277130127
0.3149073123931885
0.3226637840270996
0.3146975040435791
1.538933277130127
0.3149073123931885
0.3226637840270996
0.3146975040435791
1.538933277130127
0.3149073123931885
0.3226637840270996
0.3146975040435791
1.538933277130127
0.3149073123931885
0.3226637840270996
0.3146975040435791
1.538933277130127
0.3149073123931885
0.3226637840270996
0.3146975040435791
1.538933277130127
0.3149073123931885
0.3226637840270996
0.3146975040435791
1.538933277130127
0.3149073123931885
0.3226637840270996
0.3146975040435791
1.538933277130127
0.3149073123931885
0.3226637840270996
0.3146975040435791
1.538933277130127
0.3149073123931885
0.3226637840270996
0.3146975040435791
1.538933277130127