0.29904937744140625
0.29904937744140625
0.3564598560333252
0.27507877349853516
0.29904937744140625
0.3564598560333252
0.27507877349853516
0.29904937744140625
0.3564598560333252
0.27507877349853516
0.29904937744140625
0.3564598560333252
0.27507877349853516
0.29904937744140625
0.3564598560333252
0.27507877349853516
0.29904937744140625
0.3564598560333252
0.27507877349853516
0.7686338424682617
0.29904937744140625
0.3564598560333252
0.27507877349853516
0.7686338424682617
0.29904937744140625
0.3564598560333252
0.27507877349853516
0.7686338424682617
0.29904937744140625
0.3564598560333252
0.27507877349853516
0.7686338424682617
0.29904937744140625
0.3564598560333252
0.27507877349853516
0.7686338424682617
0.29904937744140625
0.3564598560333252
0.27507877349853516
0.7686338424682617
0.29904937744140625
0.3564598560333252
0.27507877349853516
0.7686338424682617
0.29904937744140625
0.3564598560333252
0.27507877349853516
0.7686338424682617
0.29904937744140625
0.3564598560333252
0.27507877349853516
0.7686338424682617
0.36314940452575684
0.29904937744140625
0.3564598560333252
0.27507877349853516
0.7686338424682617
0.36314940452575684
0.29904937744140625
0.3564598560333252
0.27507877349853516
0.7686338424682617
0.36314940452575684
0.29904937744140625
0.3564598560333252
0.27507877349853516
0.7686338424682617
0.36314940452575684
0.29904937744140625
0.3564598560333252
0.27507877349853516
0.7686338424682617
0.36314940452575684
0.29904937744140625
0.3564598560333252
0.27507877349853516
0.7686338424682617
0.36314940452575684
0.29904937744140625
0.3564598560333252
0.27507877349853516
0.7686338424682617
0.36314940452575684
0.29904937744140625
0.3564598560333252
0.27507877349853516
0.7686338424682617
0.36314940452575684
0.29904937744140625
0.3564598560333252
0.27507877349853516
0.7686338424682617
0.36314940452575684
0.29904937744140625
0.3564598560333252
0.27507877349853516
0.7686338424682617
0.36314940452575684
0.29904937744140625
0.3564598560333252
0.27507877349853516
0.7686338424682617
0.36314940452575684
0.29904937744140625
0.3564598560333252
0.27507877349853516
0.7686338424682617
0.36314940452575684
0.29904937744140625
0.3564598560333252
0.27507877349853516
0.7686338424682617
0.36314940452575684
0.29904937744140625
0.3564598560333252
0.27507877349853516
0.7686338424682617
0.36314940452575684
0.29904937744140625
0.3564598560333252
0.27507877349853516
0.7686338424682617
0.36314940452575684
0.29130077362060547
0.29904937744140625
0.3564598560333252
0.27507877349853516
0.7686338424682617
0.36314940452575684
0.29130077362060547