0.2402338981628418
0.2402338981628418
0.2402338981628418
0.2402338981628418
0.2402338981628418
0.2402338981628418
0.2402338981628418
0.2402338981628418
0.2402338981628418
0.2402338981628418
0.2402338981628418
0.2402338981628418
0.2402338981628418
0.2402338981628418
0.2402338981628418
0.2402338981628418
0.2402338981628418
0.2402338981628418
0.2402338981628418
0.2402338981628418
0.2402338981628418
0.2402338981628418
0.2402338981628418
0.2402338981628418
0.2402338981628418
0.2402338981628418
0.2402338981628418
0.2402338981628418
0.2402338981628418