0.23396730422973633
0.23396730422973633
0.23396730422973633
0.23396730422973633
0.23396730422973633
0.23396730422973633
0.23396730422973633
0.23396730422973633
0.4639275074005127
0.23396730422973633
0.4639275074005127
0.23396730422973633
0.4639275074005127
0.2817351818084717
0.23396730422973633
0.4639275074005127
0.2817351818084717
0.23396730422973633
0.4639275074005127
0.2817351818084717
0.23396730422973633
0.4639275074005127
0.2817351818084717
0.28993654251098633
0.3138864040374756
0.23396730422973633
0.4639275074005127
0.2817351818084717
0.28993654251098633
0.3138864040374756
0.23396730422973633
0.4639275074005127
0.2817351818084717
0.28993654251098633
0.3138864040374756
0.23396730422973633
0.4639275074005127
0.2817351818084717
0.28993654251098633
0.3138864040374756
0.23396730422973633
0.4639275074005127
0.2817351818084717
0.28993654251098633
0.3138864040374756
0.23396730422973633
0.4639275074005127
0.2817351818084717
0.28993654251098633
0.3138864040374756
0.23396730422973633
0.4639275074005127
0.2817351818084717
0.28993654251098633
0.3138864040374756
0.23396730422973633
0.4639275074005127
0.2817351818084717
0.28993654251098633
0.3138864040374756
0.23396730422973633
0.4639275074005127
0.2817351818084717
0.28993654251098633
0.3138864040374756
0.23396730422973633
0.4639275074005127
0.2817351818084717
0.28993654251098633
0.3138864040374756
0.23396730422973633
0.4639275074005127
0.2817351818084717
0.28993654251098633
0.3138864040374756
0.23396730422973633
0.4639275074005127
0.2817351818084717
0.28993654251098633
0.3138864040374756
0.23396730422973633
0.4639275074005127
0.2817351818084717
0.28993654251098633
0.3138864040374756
0.23396730422973633
0.4639275074005127
0.2817351818084717
0.28993654251098633
0.3138864040374756