0.23490118980407715
0.23490118980407715
0.23490118980407715
0.23490118980407715
0.23490118980407715
0.23490118980407715
0.23490118980407715
0.23490118980407715
0.23490118980407715
0.23490118980407715
0.23490118980407715
0.23490118980407715
0.23490118980407715
0.23490118980407715
0.23490118980407715
0.23490118980407715
0.23490118980407715
0.23490118980407715
0.23490118980407715
0.23490118980407715
0.23490118980407715
0.23490118980407715
0.23490118980407715
0.23490118980407715
0.23490118980407715
0.23490118980407715
0.23490118980407715
0.23490118980407715
0.23490118980407715
0.23490118980407715