0.299501895904541
0.299501895904541
0.299501895904541
0.299501895904541
0.299501895904541
0.299501895904541
0.299501895904541
0.299501895904541
0.299501895904541
0.299501895904541
0.299501895904541
0.299501895904541
0.299501895904541
0.299501895904541
0.299501895904541
0.299501895904541
0.299501895904541
0.299501895904541
0.4835343360900879
0.299501895904541
0.4835343360900879
0.299501895904541
0.4835343360900879
0.299501895904541
0.4835343360900879
0.299501895904541
0.4835343360900879
0.299501895904541
0.4835343360900879
0.299501895904541
0.4835343360900879
0.299501895904541
0.4835343360900879
0.2436971664428711
0.299501895904541
0.4835343360900879
0.2436971664428711
0.299501895904541
0.4835343360900879
0.2436971664428711
0.299501895904541
0.4835343360900879
0.2436971664428711