0.2031717300415039
0.18111872673034668
0.2031717300415039
0.18111872673034668
0.18115472793579102
0.16561412811279297
0.21221494674682617
0.228257417678833
0.20416808128356934
0.20652055740356445
0.2031717300415039
0.18111872673034668
0.18115472793579102
0.16561412811279297
0.21221494674682617
0.228257417678833
0.20416808128356934
0.20652055740356445
0.2031717300415039
0.18111872673034668
0.18115472793579102
0.16561412811279297
0.21221494674682617
0.228257417678833
0.20416808128356934
0.20652055740356445
0.2031717300415039
0.18111872673034668
0.18115472793579102
0.16561412811279297
0.21221494674682617
0.228257417678833
0.20416808128356934
0.20652055740356445
0.2031717300415039
0.18111872673034668
0.18115472793579102
0.16561412811279297
0.21221494674682617
0.228257417678833
0.20416808128356934
0.20652055740356445
0.2031717300415039
0.18111872673034668
0.18115472793579102
0.16561412811279297
0.21221494674682617
0.228257417678833
0.20416808128356934
0.20652055740356445
0.2031717300415039
0.18111872673034668
0.18115472793579102
0.16561412811279297
0.21221494674682617
0.228257417678833
0.20416808128356934
0.20652055740356445
0.27687501907348633
0.2031717300415039
0.18111872673034668
0.18115472793579102
0.16561412811279297
0.21221494674682617
0.228257417678833
0.20416808128356934
0.20652055740356445
0.27687501907348633
0.22093749046325684
0.2031717300415039
0.18111872673034668
0.18115472793579102
0.16561412811279297
0.21221494674682617
0.228257417678833
0.20416808128356934
0.20652055740356445
0.27687501907348633
0.22093749046325684
0.2031717300415039
0.18111872673034668
0.18115472793579102
0.16561412811279297
0.21221494674682617
0.228257417678833
0.20416808128356934
0.20652055740356445
0.27687501907348633
0.22093749046325684
0.2031717300415039
0.18111872673034668
0.18115472793579102
0.16561412811279297
0.21221494674682617
0.228257417678833
0.20416808128356934
0.20652055740356445
0.27687501907348633
0.22093749046325684
0.24949955940246582
0.2031717300415039
0.18111872673034668
0.18115472793579102
0.16561412811279297
0.21221494674682617
0.228257417678833
0.20416808128356934
0.20652055740356445
0.27687501907348633
0.22093749046325684
0.24949955940246582
0.2031717300415039
0.18111872673034668
0.18115472793579102
0.16561412811279297
0.21221494674682617
0.228257417678833
0.20416808128356934
0.20652055740356445
0.27687501907348633
0.22093749046325684
0.24949955940246582
0.31704211235046387
0.2031717300415039
0.18111872673034668
0.18115472793579102
0.16561412811279297
0.21221494674682617
0.228257417678833
0.20416808128356934
0.20652055740356445
0.27687501907348633
0.22093749046325684
0.24949955940246582
0.31704211235046387
0.2031717300415039
0.18111872673034668
0.18115472793579102
0.16561412811279297
0.21221494674682617
0.228257417678833
0.20416808128356934
0.20652055740356445
0.27687501907348633
0.22093749046325684
0.24949955940246582
0.31704211235046387
0.2031717300415039
0.18111872673034668
0.18115472793579102
0.16561412811279297
0.21221494674682617
0.228257417678833
0.20416808128356934
0.20652055740356445
0.27687501907348633
0.22093749046325684
0.24949955940246582
0.31704211235046387
0.2031717300415039
0.18111872673034668
0.18115472793579102
0.16561412811279297
0.21221494674682617
0.228257417678833
0.20416808128356934
0.20652055740356445
0.27687501907348633
0.22093749046325684
0.24949955940246582
0.31704211235046387
0.2031717300415039
0.18111872673034668
0.18115472793579102
0.16561412811279297
0.21221494674682617
0.228257417678833
0.20416808128356934
0.20652055740356445
0.27687501907348633
0.22093749046325684
0.24949955940246582
0.31704211235046387
0.2031717300415039
0.18111872673034668
0.18115472793579102
0.16561412811279297
0.21221494674682617
0.228257417678833
0.20416808128356934
0.20652055740356445
0.27687501907348633
0.22093749046325684
0.24949955940246582
0.31704211235046387
0.2031717300415039
0.18111872673034668
0.18115472793579102
0.16561412811279297
0.21221494674682617
0.228257417678833
0.20416808128356934
0.20652055740356445
0.27687501907348633
0.22093749046325684
0.24949955940246582
0.31704211235046387
0.2031717300415039
0.18111872673034668
0.18115472793579102
0.16561412811279297
0.21221494674682617
0.228257417678833
0.20416808128356934
0.20652055740356445
0.27687501907348633
0.22093749046325684
0.24949955940246582
0.31704211235046387
0.2031717300415039
0.18111872673034668
0.18115472793579102
0.16561412811279297
0.21221494674682617
0.228257417678833
0.20416808128356934
0.20652055740356445
0.27687501907348633
0.22093749046325684
0.24949955940246582
0.31704211235046387
0.2031717300415039
0.18111872673034668
0.18115472793579102
0.16561412811279297
0.21221494674682617
0.228257417678833
0.20416808128356934
0.20652055740356445
0.27687501907348633
0.22093749046325684
0.24949955940246582
0.31704211235046387
0.2031717300415039
0.18111872673034668
0.18115472793579102
0.16561412811279297
0.21221494674682617
0.228257417678833
0.20416808128356934
0.20652055740356445
0.27687501907348633
0.22093749046325684
0.24949955940246582
0.31704211235046387
0.2031717300415039
0.18111872673034668
0.18115472793579102
0.16561412811279297
0.21221494674682617
0.228257417678833
0.20416808128356934
0.20652055740356445
0.27687501907348633
0.22093749046325684
0.24949955940246582
0.31704211235046387
0.24216079711914062
0.2031717300415039
0.18111872673034668
0.18115472793579102
0.16561412811279297
0.21221494674682617
0.228257417678833
0.20416808128356934
0.20652055740356445
0.27687501907348633
0.22093749046325684
0.24949955940246582
0.31704211235046387
0.24216079711914062
0.2031717300415039
0.18111872673034668
0.18115472793579102
0.16561412811279297
0.21221494674682617
0.228257417678833
0.20416808128356934
0.20652055740356445
0.27687501907348633
0.22093749046325684
0.24949955940246582
0.31704211235046387
0.24216079711914062
0.250152587890625
0.2031717300415039
0.18111872673034668
0.18115472793579102
0.16561412811279297
0.21221494674682617
0.228257417678833
0.20416808128356934
0.20652055740356445
0.27687501907348633
0.22093749046325684
0.24949955940246582
0.31704211235046387
0.24216079711914062
0.250152587890625
0.1808176040649414
0.2031717300415039
0.18111872673034668
0.18115472793579102
0.16561412811279297
0.21221494674682617
0.228257417678833
0.20416808128356934
0.20652055740356445
0.27687501907348633
0.22093749046325684
0.24949955940246582
0.31704211235046387
0.24216079711914062
0.250152587890625
0.1808176040649414