0.2133643627166748
0.23633623123168945
0.2133643627166748
0.23633623123168945
0.2671048641204834
0.2133643627166748
0.23633623123168945
0.2671048641204834
0.2133643627166748
0.23633623123168945
0.2671048641204834
0.2133643627166748
0.23633623123168945
0.2671048641204834
0.2133643627166748
0.23633623123168945
0.2671048641204834
0.21917176246643066
0.2133643627166748
0.23633623123168945
0.2671048641204834
0.21917176246643066
0.2133643627166748
0.23633623123168945
0.2671048641204834
0.21917176246643066
0.2133643627166748
0.23633623123168945
0.2671048641204834
0.21917176246643066
0.25920820236206055
0.2133643627166748
0.23633623123168945
0.2671048641204834
0.21917176246643066
0.25920820236206055
0.2133643627166748
0.23633623123168945
0.2671048641204834
0.21917176246643066
0.25920820236206055
0.2133643627166748
0.23633623123168945
0.2671048641204834
0.21917176246643066
0.25920820236206055
0.2133643627166748
0.23633623123168945
0.2671048641204834
0.21917176246643066
0.25920820236206055
0.2133643627166748
0.23633623123168945
0.2671048641204834
0.21917176246643066
0.25920820236206055
0.2133643627166748
0.23633623123168945
0.2671048641204834
0.21917176246643066
0.25920820236206055
0.2133643627166748
0.23633623123168945
0.2671048641204834
0.21917176246643066
0.25920820236206055
0.2066795825958252
0.2133643627166748
0.23633623123168945
0.2671048641204834
0.21917176246643066
0.25920820236206055
0.2066795825958252
0.2133643627166748
0.23633623123168945
0.2671048641204834
0.21917176246643066
0.25920820236206055
0.2066795825958252
0.2133643627166748
0.23633623123168945
0.2671048641204834
0.21917176246643066
0.25920820236206055
0.2066795825958252
0.2133643627166748
0.23633623123168945
0.2671048641204834
0.21917176246643066
0.25920820236206055
0.2066795825958252
0.2676069736480713
0.34761500358581543
0.2133643627166748
0.23633623123168945
0.2671048641204834
0.21917176246643066
0.25920820236206055
0.2066795825958252
0.2676069736480713
0.34761500358581543
0.2133643627166748
0.23633623123168945
0.2671048641204834
0.21917176246643066
0.25920820236206055
0.2066795825958252
0.2676069736480713
0.34761500358581543
0.2133643627166748
0.23633623123168945
0.2671048641204834
0.21917176246643066
0.25920820236206055
0.2066795825958252
0.2676069736480713
0.34761500358581543
0.22194361686706543
0.27610111236572266
0.2133643627166748
0.23633623123168945
0.2671048641204834
0.21917176246643066
0.25920820236206055
0.2066795825958252
0.2676069736480713
0.34761500358581543
0.22194361686706543
0.27610111236572266
0.2133643627166748
0.23633623123168945
0.2671048641204834
0.21917176246643066
0.25920820236206055
0.2066795825958252
0.2676069736480713
0.34761500358581543
0.22194361686706543
0.27610111236572266
0.2133643627166748
0.23633623123168945
0.2671048641204834
0.21917176246643066
0.25920820236206055
0.2066795825958252
0.2676069736480713
0.34761500358581543
0.22194361686706543
0.27610111236572266
0.22692489624023438
0.2133643627166748
0.23633623123168945
0.2671048641204834
0.21917176246643066
0.25920820236206055
0.2066795825958252
0.2676069736480713
0.34761500358581543
0.22194361686706543
0.27610111236572266
0.22692489624023438
0.2133643627166748
0.23633623123168945
0.2671048641204834
0.21917176246643066
0.25920820236206055
0.2066795825958252
0.2676069736480713
0.34761500358581543
0.22194361686706543
0.27610111236572266
0.22692489624023438
0.2133643627166748
0.23633623123168945
0.2671048641204834
0.21917176246643066
0.25920820236206055
0.2066795825958252
0.2676069736480713
0.34761500358581543
0.22194361686706543
0.27610111236572266
0.22692489624023438
0.2133643627166748
0.23633623123168945
0.2671048641204834
0.21917176246643066
0.25920820236206055
0.2066795825958252
0.2676069736480713
0.34761500358581543
0.22194361686706543
0.27610111236572266
0.22692489624023438