0.20639657974243164
0.15294599533081055
0.23899388313293457
0.2718641757965088
0.20794320106506348
0.2599148750305176
0.21782279014587402
0.20210695266723633
0.1999647617340088
0.2327110767364502
0.1798558235168457
0.21069097518920898
0.23577284812927246
0.20526385307312012
0.27663493156433105
0.23495054244995117
0.23800444602966309
0.20718717575073242
0.2012636661529541
0.19700312614440918
0.21053314208984375
0.2088768482208252
0.1811840534210205
0.2707836627960205
0.2668740749359131
0.21821928024291992
0.20070791244506836
0.19511032104492188
0.19550657272338867
0.20712780952453613
0.20537662506103516
0.24198269844055176
0.18912768363952637
0.19357514381408691
0.23147916793823242
0.24860811233520508
0.2201693058013916
0.2500474452972412
0.2488727569580078
0.18566274642944336
0.22325515747070312
0.2277665138244629