0.20910120010375977
0.20910120010375977
0.20910120010375977
0.22564053535461426
0.20910120010375977
0.22564053535461426
0.178117036819458
0.20910120010375977
0.22564053535461426
0.178117036819458
0.2969357967376709
0.1626298427581787
0.5604395866394043
0.20910120010375977
0.22564053535461426
0.178117036819458
0.2969357967376709
0.1626298427581787
0.5604395866394043
0.601315975189209
0.20910120010375977
0.22564053535461426
0.178117036819458
0.2969357967376709
0.1626298427581787
0.5604395866394043
0.601315975189209
0.30617570877075195
0.2665832042694092
0.20910120010375977
0.22564053535461426
0.178117036819458
0.2969357967376709
0.1626298427581787
0.5604395866394043
0.601315975189209
0.30617570877075195
0.2665832042694092
0.17860198020935059
0.20910120010375977
0.22564053535461426
0.178117036819458
0.2969357967376709
0.1626298427581787
0.5604395866394043
0.601315975189209
0.30617570877075195
0.2665832042694092
0.17860198020935059
0.20910120010375977
0.22564053535461426
0.178117036819458
0.2969357967376709
0.1626298427581787
0.5604395866394043
0.601315975189209
0.30617570877075195
0.2665832042694092
0.17860198020935059
0.21856331825256348
0.24247479438781738
0.20910120010375977
0.22564053535461426
0.178117036819458
0.2969357967376709
0.1626298427581787
0.5604395866394043
0.601315975189209
0.30617570877075195
0.2665832042694092
0.17860198020935059
0.21856331825256348
0.24247479438781738
0.20910120010375977
0.22564053535461426
0.178117036819458
0.2969357967376709
0.1626298427581787
0.5604395866394043
0.601315975189209
0.30617570877075195
0.2665832042694092
0.17860198020935059
0.21856331825256348
0.24247479438781738
0.20910120010375977
0.22564053535461426
0.178117036819458
0.2969357967376709
0.1626298427581787
0.5604395866394043
0.601315975189209
0.30617570877075195
0.2665832042694092
0.17860198020935059
0.21856331825256348
0.24247479438781738
0.20910120010375977
0.22564053535461426
0.178117036819458
0.2969357967376709
0.1626298427581787
0.5604395866394043
0.601315975189209
0.30617570877075195
0.2665832042694092
0.17860198020935059
0.21856331825256348
0.24247479438781738
0.20910120010375977
0.22564053535461426
0.178117036819458
0.2969357967376709
0.1626298427581787
0.5604395866394043
0.601315975189209
0.30617570877075195
0.2665832042694092
0.17860198020935059
0.21856331825256348
0.24247479438781738
0.20910120010375977
0.22564053535461426
0.178117036819458
0.2969357967376709
0.1626298427581787
0.5604395866394043
0.601315975189209
0.30617570877075195
0.2665832042694092
0.17860198020935059
0.21856331825256348
0.24247479438781738
0.20910120010375977
0.22564053535461426
0.178117036819458
0.2969357967376709
0.1626298427581787
0.5604395866394043
0.601315975189209
0.30617570877075195
0.2665832042694092
0.17860198020935059
0.21856331825256348
0.24247479438781738
0.20910120010375977
0.22564053535461426
0.178117036819458
0.2969357967376709
0.1626298427581787
0.5604395866394043
0.601315975189209
0.30617570877075195
0.2665832042694092
0.17860198020935059
0.21856331825256348
0.24247479438781738
0.20910120010375977
0.22564053535461426
0.178117036819458
0.2969357967376709
0.1626298427581787
0.5604395866394043
0.601315975189209
0.30617570877075195
0.2665832042694092
0.17860198020935059
0.21856331825256348
0.24247479438781738
0.20910120010375977
0.22564053535461426
0.178117036819458
0.2969357967376709
0.1626298427581787
0.5604395866394043
0.601315975189209
0.30617570877075195
0.2665832042694092
0.17860198020935059
0.21856331825256348
0.24247479438781738
0.2743971347808838
0.20910120010375977
0.22564053535461426
0.178117036819458
0.2969357967376709
0.1626298427581787
0.5604395866394043
0.601315975189209
0.30617570877075195
0.2665832042694092
0.17860198020935059
0.21856331825256348
0.24247479438781738
0.2743971347808838
0.20910120010375977
0.22564053535461426
0.178117036819458
0.2969357967376709
0.1626298427581787
0.5604395866394043
0.601315975189209
0.30617570877075195
0.2665832042694092
0.17860198020935059
0.21856331825256348
0.24247479438781738
0.2743971347808838
0.20910120010375977
0.22564053535461426
0.178117036819458
0.2969357967376709
0.1626298427581787
0.5604395866394043
0.601315975189209
0.30617570877075195
0.2665832042694092
0.17860198020935059
0.21856331825256348
0.24247479438781738
0.2743971347808838
0.20910120010375977
0.22564053535461426
0.178117036819458
0.2969357967376709
0.1626298427581787
0.5604395866394043
0.601315975189209
0.30617570877075195
0.2665832042694092
0.17860198020935059
0.21856331825256348
0.24247479438781738
0.2743971347808838
0.32243776321411133
0.30082273483276367
0.20910120010375977
0.22564053535461426
0.178117036819458
0.2969357967376709
0.1626298427581787
0.5604395866394043
0.601315975189209
0.30617570877075195
0.2665832042694092
0.17860198020935059
0.21856331825256348
0.24247479438781738
0.2743971347808838
0.32243776321411133
0.30082273483276367
0.4181036949157715
0.17867469787597656
0.21056342124938965
0.20910120010375977
0.22564053535461426
0.178117036819458
0.2969357967376709
0.1626298427581787
0.5604395866394043
0.601315975189209
0.30617570877075195
0.2665832042694092
0.17860198020935059
0.21856331825256348
0.24247479438781738
0.2743971347808838
0.32243776321411133
0.30082273483276367
0.4181036949157715
0.17867469787597656
0.21056342124938965
0.2664978504180908
0.20910120010375977
0.22564053535461426
0.178117036819458
0.2969357967376709
0.1626298427581787
0.5604395866394043
0.601315975189209
0.30617570877075195
0.2665832042694092
0.17860198020935059
0.21856331825256348
0.24247479438781738
0.2743971347808838
0.32243776321411133
0.30082273483276367
0.4181036949157715
0.17867469787597656
0.21056342124938965
0.2664978504180908
0.20910120010375977
0.22564053535461426
0.178117036819458
0.2969357967376709
0.1626298427581787
0.5604395866394043
0.601315975189209
0.30617570877075195
0.2665832042694092
0.17860198020935059
0.21856331825256348
0.24247479438781738
0.2743971347808838
0.32243776321411133
0.30082273483276367
0.4181036949157715
0.17867469787597656
0.21056342124938965
0.2664978504180908
0.2179114818572998
0.20910120010375977
0.22564053535461426
0.178117036819458
0.2969357967376709
0.1626298427581787
0.5604395866394043
0.601315975189209
0.30617570877075195
0.2665832042694092
0.17860198020935059
0.21856331825256348
0.24247479438781738
0.2743971347808838
0.32243776321411133
0.30082273483276367
0.4181036949157715
0.17867469787597656
0.21056342124938965
0.2664978504180908
0.2179114818572998