0.18568825721740723
0.18568825721740723
0.18568825721740723
0.24939990043640137
0.15384411811828613
0.18568825721740723
0.24939990043640137
0.15384411811828613
0.18568825721740723
0.24939990043640137
0.15384411811828613
0.18568825721740723
0.24939990043640137
0.15384411811828613
0.18568825721740723
0.24939990043640137
0.15384411811828613
0.18568825721740723
0.24939990043640137
0.15384411811828613
0.24150300025939941
0.18568825721740723
0.24939990043640137
0.15384411811828613
0.24150300025939941
0.18568825721740723
0.24939990043640137
0.15384411811828613
0.24150300025939941
0.18568825721740723
0.24939990043640137
0.15384411811828613
0.24150300025939941
0.18568825721740723
0.24939990043640137
0.15384411811828613
0.24150300025939941
0.18568825721740723
0.24939990043640137
0.15384411811828613
0.24150300025939941
0.18568825721740723
0.24939990043640137
0.15384411811828613
0.24150300025939941
0.18568825721740723
0.24939990043640137
0.15384411811828613
0.24150300025939941
0.18568825721740723
0.24939990043640137
0.15384411811828613
0.24150300025939941
0.39288830757141113
0.18568825721740723
0.24939990043640137
0.15384411811828613
0.24150300025939941
0.39288830757141113
0.28945231437683105
0.18568825721740723
0.24939990043640137
0.15384411811828613
0.24150300025939941
0.39288830757141113
0.28945231437683105
0.18568825721740723
0.24939990043640137
0.15384411811828613
0.24150300025939941
0.39288830757141113
0.28945231437683105
0.18568825721740723
0.24939990043640137
0.15384411811828613
0.24150300025939941
0.39288830757141113
0.28945231437683105
0.18568825721740723
0.24939990043640137
0.15384411811828613
0.24150300025939941
0.39288830757141113
0.28945231437683105
0.18568825721740723
0.24939990043640137
0.15384411811828613
0.24150300025939941
0.39288830757141113
0.28945231437683105
0.18568825721740723
0.24939990043640137
0.15384411811828613
0.24150300025939941
0.39288830757141113
0.28945231437683105
0.18568825721740723
0.24939990043640137
0.15384411811828613
0.24150300025939941
0.39288830757141113
0.28945231437683105
0.18568825721740723
0.24939990043640137
0.15384411811828613
0.24150300025939941
0.39288830757141113
0.28945231437683105
0.2574491500854492
0.18568825721740723
0.24939990043640137
0.15384411811828613
0.24150300025939941
0.39288830757141113
0.28945231437683105
0.2574491500854492
0.18568825721740723
0.24939990043640137
0.15384411811828613
0.24150300025939941
0.39288830757141113
0.28945231437683105
0.2574491500854492
0.18568825721740723
0.24939990043640137
0.15384411811828613
0.24150300025939941
0.39288830757141113
0.28945231437683105
0.2574491500854492
0.18568825721740723
0.24939990043640137
0.15384411811828613
0.24150300025939941
0.39288830757141113
0.28945231437683105
0.2574491500854492
0.18568825721740723
0.24939990043640137
0.15384411811828613
0.24150300025939941
0.39288830757141113
0.28945231437683105
0.2574491500854492
0.4159834384918213
0.18568825721740723
0.24939990043640137
0.15384411811828613
0.24150300025939941
0.39288830757141113
0.28945231437683105
0.2574491500854492
0.4159834384918213