0.1534557342529297
0.1534557342529297
0.1534557342529297
0.1534557342529297
0.1534557342529297
0.1534557342529297
0.1534557342529297
0.1534557342529297
0.1534557342529297
0.1534557342529297
0.1534557342529297
0.1534557342529297
0.1534557342529297
0.1534557342529297
0.1534557342529297
0.1534557342529297
0.1534557342529297
0.1534557342529297
0.1534557342529297
0.1534557342529297
0.1534557342529297
0.1534557342529297
0.1534557342529297
0.1534557342529297
0.1534557342529297
0.1534557342529297
0.1534557342529297
0.1534557342529297
0.1534557342529297
0.1534557342529297
0.1534557342529297