0.44969773292541504
0.44969773292541504
0.44969773292541504
0.44969773292541504
0.44969773292541504
0.44969773292541504
0.44969773292541504
0.44969773292541504
0.44969773292541504
0.44969773292541504
0.44969773292541504
0.44969773292541504
0.44969773292541504
0.44969773292541504
0.44969773292541504
0.44969773292541504
0.44969773292541504
0.44969773292541504
0.44969773292541504
0.44969773292541504
0.44969773292541504
0.44969773292541504
0.44969773292541504
0.44969773292541504
0.44969773292541504
0.44969773292541504
0.44969773292541504
0.44969773292541504