0.30670595169067383
0.30670595169067383
0.30670595169067383
0.30670595169067383
0.30670595169067383
0.30670595169067383
0.30670595169067383
0.30670595169067383
0.30670595169067383
0.30670595169067383
0.30670595169067383
0.30670595169067383
0.30670595169067383
0.30670595169067383
0.339702844619751
0.30670595169067383
0.339702844619751
0.30670595169067383
0.339702844619751
0.30670595169067383
0.339702844619751
0.30670595169067383
0.339702844619751
0.30670595169067383
0.339702844619751
0.30670595169067383
0.339702844619751
0.30670595169067383
0.339702844619751
0.30670595169067383
0.339702844619751
0.30670595169067383
0.339702844619751
0.30670595169067383
0.339702844619751
0.26446080207824707