0.2515387535095215
0.2515387535095215
0.2515387535095215
0.2515387535095215
0.2515387535095215
0.30741143226623535
0.2515387535095215
0.30741143226623535
0.2515387535095215
0.30741143226623535
0.2515387535095215
0.30741143226623535
0.2515387535095215
0.30741143226623535
0.2515387535095215
0.30741143226623535
0.2515387535095215
0.30741143226623535
0.2515387535095215
0.30741143226623535
0.2515387535095215
0.30741143226623535
0.2515387535095215
0.30741143226623535
0.2515387535095215
0.30741143226623535
0.2515387535095215
0.30741143226623535
0.2515387535095215
0.30741143226623535
0.2515387535095215
0.30741143226623535