0.17165851593017578
0.16304612159729004
0.15573668479919434
0.17165851593017578
0.16304612159729004
0.15573668479919434
0.17165851593017578
0.16304612159729004
0.15573668479919434
0.18752098083496094
0.17165851593017578
0.16304612159729004
0.15573668479919434
0.18752098083496094
0.17165851593017578
0.16304612159729004
0.15573668479919434
0.18752098083496094
0.17165851593017578
0.16304612159729004
0.15573668479919434
0.18752098083496094
0.17165851593017578
0.16304612159729004
0.15573668479919434
0.18752098083496094
0.17165851593017578
0.16304612159729004
0.15573668479919434
0.18752098083496094
0.17165851593017578
0.16304612159729004
0.15573668479919434
0.18752098083496094
0.17165851593017578
0.16304612159729004
0.15573668479919434
0.18752098083496094
0.2513129711151123
0.17165851593017578
0.16304612159729004
0.15573668479919434
0.18752098083496094
0.2513129711151123
0.17165851593017578
0.16304612159729004
0.15573668479919434
0.18752098083496094
0.2513129711151123
0.17165851593017578
0.16304612159729004
0.15573668479919434
0.18752098083496094
0.2513129711151123
0.17165851593017578
0.16304612159729004
0.15573668479919434
0.18752098083496094
0.2513129711151123
0.17165851593017578
0.16304612159729004
0.15573668479919434
0.18752098083496094
0.2513129711151123
0.17165851593017578
0.16304612159729004
0.15573668479919434
0.18752098083496094
0.2513129711151123
0.17165851593017578
0.16304612159729004
0.15573668479919434
0.18752098083496094
0.2513129711151123
0.17165851593017578
0.16304612159729004
0.15573668479919434
0.18752098083496094
0.2513129711151123
0.17165851593017578
0.16304612159729004
0.15573668479919434
0.18752098083496094
0.2513129711151123
0.17165851593017578
0.16304612159729004
0.15573668479919434
0.18752098083496094
0.2513129711151123
0.17165851593017578
0.16304612159729004
0.15573668479919434
0.18752098083496094
0.2513129711151123
0.17165851593017578
0.16304612159729004
0.15573668479919434
0.18752098083496094
0.2513129711151123
0.17165851593017578
0.16304612159729004
0.15573668479919434
0.18752098083496094
0.2513129711151123
0.17165851593017578
0.16304612159729004
0.15573668479919434
0.18752098083496094
0.2513129711151123
0.28369951248168945
0.17165851593017578
0.16304612159729004
0.15573668479919434
0.18752098083496094
0.2513129711151123
0.28369951248168945
0.17165851593017578
0.16304612159729004
0.15573668479919434
0.18752098083496094
0.2513129711151123
0.28369951248168945
0.17165851593017578
0.16304612159729004
0.15573668479919434
0.18752098083496094
0.2513129711151123
0.28369951248168945
0.17165851593017578
0.16304612159729004
0.15573668479919434
0.18752098083496094
0.2513129711151123
0.28369951248168945
0.18776965141296387
0.17165851593017578
0.16304612159729004
0.15573668479919434
0.18752098083496094
0.2513129711151123
0.28369951248168945
0.18776965141296387