0.3605940341949463
0.3605940341949463
0.3605940341949463
0.3605940341949463
0.3605940341949463
0.3605940341949463
0.3605940341949463
0.3605940341949463
0.3605940341949463
0.3605940341949463
0.3605940341949463
0.3605940341949463
0.3605940341949463
0.3605940341949463
0.3605940341949463
0.3605940341949463
0.3605940341949463
0.3605940341949463
0.3607490062713623
0.3605940341949463
0.3607490062713623
0.3605940341949463
0.3607490062713623
0.3605940341949463
0.3607490062713623
0.3605940341949463
0.3607490062713623
0.3605940341949463
0.3607490062713623
0.3605940341949463
0.3607490062713623
0.3605940341949463
0.3607490062713623
0.24896574020385742
0.3605940341949463
0.3607490062713623
0.24896574020385742
0.4806981086730957
0.3605940341949463
0.3607490062713623
0.24896574020385742
0.4806981086730957
0.3605940341949463
0.3607490062713623
0.24896574020385742
0.4806981086730957