0.22423815727233887
0.22423815727233887
0.22423815727233887
0.1861271858215332
0.22423815727233887
0.1861271858215332
0.24851322174072266
0.22423815727233887
0.1861271858215332
0.24851322174072266
0.22423815727233887
0.1861271858215332
0.24851322174072266
0.22423815727233887
0.1861271858215332
0.24851322174072266
0.22423815727233887
0.1861271858215332
0.24851322174072266
0.22423815727233887
0.1861271858215332
0.24851322174072266
0.22423815727233887
0.1861271858215332
0.24851322174072266
0.22423815727233887
0.1861271858215332
0.24851322174072266
0.22423815727233887
0.1861271858215332
0.24851322174072266
0.22423815727233887
0.1861271858215332
0.24851322174072266
0.22423815727233887
0.1861271858215332
0.24851322174072266
0.24869894981384277
0.22423815727233887
0.1861271858215332
0.24851322174072266
0.24869894981384277
0.22423815727233887
0.1861271858215332
0.24851322174072266
0.24869894981384277
0.22423815727233887
0.1861271858215332
0.24851322174072266
0.24869894981384277
0.22423815727233887
0.1861271858215332
0.24851322174072266
0.24869894981384277
0.22423815727233887
0.1861271858215332
0.24851322174072266
0.24869894981384277
0.22423815727233887
0.1861271858215332
0.24851322174072266
0.24869894981384277
0.22423815727233887
0.1861271858215332
0.24851322174072266
0.24869894981384277
0.22423815727233887
0.1861271858215332
0.24851322174072266
0.24869894981384277
0.22423815727233887
0.1861271858215332
0.24851322174072266
0.24869894981384277
0.22423815727233887
0.1861271858215332
0.24851322174072266
0.24869894981384277
0.22423815727233887
0.1861271858215332
0.24851322174072266
0.24869894981384277
0.22423815727233887
0.1861271858215332
0.24851322174072266
0.24869894981384277
0.22423815727233887
0.1861271858215332
0.24851322174072266
0.24869894981384277
0.22423815727233887
0.1861271858215332
0.24851322174072266
0.24869894981384277
0.22423815727233887
0.1861271858215332
0.24851322174072266
0.24869894981384277
0.22423815727233887
0.1861271858215332
0.24851322174072266
0.24869894981384277
0.22423815727233887
0.1861271858215332
0.24851322174072266
0.24869894981384277