0.21701359748840332
0.21701359748840332
0.21701359748840332
0.21701359748840332
0.21701359748840332
0.21701359748840332
0.21701359748840332
0.21701359748840332
0.3844790458679199
0.21701359748840332
0.3844790458679199
0.21701359748840332
0.3844790458679199
0.21701359748840332
0.3844790458679199
0.21701359748840332
0.3844790458679199
0.21701359748840332
0.3844790458679199
0.21701359748840332
0.3844790458679199
0.21701359748840332
0.3844790458679199
0.21701359748840332
0.3844790458679199
0.21701359748840332
0.3844790458679199
0.21701359748840332
0.3844790458679199
0.3446652889251709
0.21701359748840332
0.3844790458679199
0.3446652889251709
0.21701359748840332
0.3844790458679199
0.3446652889251709
0.21701359748840332
0.3844790458679199
0.3446652889251709
0.21701359748840332
0.3844790458679199
0.3446652889251709
0.21701359748840332
0.3844790458679199
0.3446652889251709
0.21701359748840332
0.3844790458679199
0.3446652889251709
0.21701359748840332
0.3844790458679199
0.3446652889251709
0.21701359748840332
0.3844790458679199
0.3446652889251709
0.21701359748840332
0.3844790458679199
0.3446652889251709
0.21701359748840332
0.3844790458679199
0.3446652889251709
0.43401074409484863
0.21701359748840332
0.3844790458679199
0.3446652889251709
0.43401074409484863