0.47420477867126465
0.47420477867126465
0.29017114639282227
0.47420477867126465
0.29017114639282227
0.36237072944641113
0.47420477867126465
0.29017114639282227
0.36237072944641113
0.47420477867126465
0.29017114639282227
0.36237072944641113
0.47420477867126465
0.29017114639282227
0.36237072944641113
0.47420477867126465
0.29017114639282227
0.36237072944641113
0.47420477867126465
0.29017114639282227
0.36237072944641113
1.2297978401184082
0.31435561180114746
0.47420477867126465
0.29017114639282227
0.36237072944641113
1.2297978401184082
0.31435561180114746
0.47420477867126465
0.29017114639282227
0.36237072944641113
1.2297978401184082
0.31435561180114746
0.47420477867126465
0.29017114639282227
0.36237072944641113
1.2297978401184082
0.31435561180114746
0.3620948791503906
0.47420477867126465
0.29017114639282227
0.36237072944641113
1.2297978401184082
0.31435561180114746
0.3620948791503906
0.47420477867126465
0.29017114639282227
0.36237072944641113
1.2297978401184082
0.31435561180114746
0.3620948791503906
0.47420477867126465
0.29017114639282227
0.36237072944641113
1.2297978401184082
0.31435561180114746
0.3620948791503906
0.5219032764434814
0.47420477867126465
0.29017114639282227
0.36237072944641113
1.2297978401184082
0.31435561180114746
0.3620948791503906
0.5219032764434814
0.47420477867126465
0.29017114639282227
0.36237072944641113
1.2297978401184082
0.31435561180114746
0.3620948791503906
0.5219032764434814
0.47420477867126465
0.29017114639282227
0.36237072944641113
1.2297978401184082
0.31435561180114746
0.3620948791503906
0.5219032764434814
0.47420477867126465
0.29017114639282227
0.36237072944641113
1.2297978401184082
0.31435561180114746
0.3620948791503906
0.5219032764434814
0.7131199836730957
0.47420477867126465
0.29017114639282227
0.36237072944641113
1.2297978401184082
0.31435561180114746
0.3620948791503906
0.5219032764434814
0.7131199836730957