0.3439762592315674
0.31503844261169434
0.1785280704498291
0.32105064392089844
0.21716952323913574
0.2750728130340576
0.19323420524597168
0.3152596950531006
0.2647557258605957
0.2920823097229004
0.20098352432250977
0.26848721504211426
0.16593241691589355
0.26601529121398926
0.3021073341369629
0.2521343231201172
0.3257277011871338
0.20889902114868164
0.18636775016784668
0.23520398139953613
0.21512722969055176
0.21776318550109863
0.20082402229309082
0.1612856388092041
0.1603546142578125
0.15428972244262695
0.18902325630187988
0.16104912757873535
0.19066619873046875
0.18501949310302734
0.16800880432128906
0.1993098258972168
0.16194701194763184
0.24554848670959473
0.20817065238952637
0.17259788513183594
0.18871665000915527
0.1695723533630371
0.15638232231140137
0.1610572338104248
0.1891801357269287
0.1708521842956543
0.23629546165466309
0.23052167892456055
0.18585753440856934
0.21019268035888672
0.18312287330627441
0.18454265594482422
0.18194103240966797
0.29644107818603516
0.15616321563720703
0.1850876808166504
0.1820814609527588
0.17094993591308594
0.20879077911376953
0.16837072372436523
0.16411161422729492
0.1294255256652832