0.37224745750427246
0.37224745750427246
0.37224745750427246
0.37224745750427246
0.37224745750427246
0.37224745750427246
0.37224745750427246
0.37224745750427246
0.37224745750427246
0.37224745750427246
0.37224745750427246
0.37224745750427246
0.3324856758117676
0.37224745750427246
0.3324856758117676
0.29216837882995605
0.37224745750427246
0.3324856758117676
0.29216837882995605
0.37224745750427246
0.3324856758117676
0.29216837882995605
0.37224745750427246
0.3324856758117676
0.29216837882995605
0.37224745750427246
0.3324856758117676
0.29216837882995605
0.37224745750427246
0.3324856758117676
0.29216837882995605
0.931044340133667
0.37224745750427246
0.3324856758117676
0.29216837882995605
0.931044340133667
0.37224745750427246
0.3324856758117676
0.29216837882995605
0.931044340133667
0.37224745750427246
0.3324856758117676
0.29216837882995605
0.931044340133667
0.37224745750427246
0.3324856758117676
0.29216837882995605
0.931044340133667
0.37224745750427246
0.3324856758117676
0.29216837882995605
0.931044340133667
0.37224745750427246
0.3324856758117676
0.29216837882995605
0.931044340133667
0.37224745750427246
0.3324856758117676
0.29216837882995605
0.931044340133667
0.37224745750427246
0.3324856758117676
0.29216837882995605
0.931044340133667
0.37224745750427246
0.3324856758117676
0.29216837882995605
0.931044340133667