0.2660810947418213
0.18280482292175293
0.26756954193115234
0.16864323616027832
0.24950122833251953
0.22632217407226562
0.1819136142730713
0.24962592124938965
0.212202787399292
0.35372352600097656
0.3076663017272949
0.33483028411865234
0.24030590057373047
0.35614776611328125
0.2227015495300293
0.19541192054748535
0.30996060371398926
0.2311234474182129
0.3061258792877197
0.27053189277648926
0.18522047996520996
0.1946732997894287
0.24999761581420898
0.17451238632202148
0.1765279769897461
0.24776983261108398
0.1566920280456543