0.9803943634033203
0.9803943634033203
0.9803943634033203
0.9803943634033203
0.9803943634033203
0.9803943634033203
0.9803943634033203
0.9803943634033203
0.9803943634033203
0.9803943634033203
0.3780210018157959
0.9803943634033203
0.3780210018157959
0.9803943634033203
0.3780210018157959
0.9803943634033203
0.3780210018157959
0.9803943634033203
0.3780210018157959
0.9803943634033203
0.3780210018157959
0.9803943634033203
0.3780210018157959
0.9803943634033203
0.3780210018157959
0.9803943634033203
0.3780210018157959
0.9803943634033203
0.3780210018157959
0.9803943634033203
0.3780210018157959
0.9803943634033203
0.3780210018157959
0.9803943634033203
0.3780210018157959
0.3540182113647461
0.9803943634033203
0.3780210018157959
0.3540182113647461
0.9803943634033203
0.3780210018157959
0.3540182113647461
0.9803943634033203
0.3780210018157959
0.3540182113647461
0.9803943634033203
0.3780210018157959
0.3540182113647461