0.17159318923950195
0.17159318923950195
0.21149015426635742
0.9849026203155518
0.17159318923950195
0.21149015426635742
0.9849026203155518
0.17159318923950195
0.21149015426635742
0.9849026203155518
0.17159318923950195
0.21149015426635742
0.9849026203155518
0.15555906295776367
0.21946430206298828
0.17159318923950195
0.21149015426635742
0.9849026203155518
0.15555906295776367
0.21946430206298828
0.17159318923950195
0.21149015426635742
0.9849026203155518
0.15555906295776367
0.21946430206298828
0.17159318923950195
0.21149015426635742
0.9849026203155518
0.15555906295776367
0.21946430206298828
0.17159318923950195
0.21149015426635742
0.9849026203155518
0.15555906295776367
0.21946430206298828
0.15557098388671875
0.17159318923950195
0.21149015426635742
0.9849026203155518
0.15555906295776367
0.21946430206298828
0.15557098388671875
0.17159318923950195
0.21149015426635742
0.9849026203155518
0.15555906295776367
0.21946430206298828
0.15557098388671875
0.17159318923950195
0.21149015426635742
0.9849026203155518
0.15555906295776367
0.21946430206298828
0.15557098388671875
0.13984441757202148
0.17159318923950195
0.21149015426635742
0.9849026203155518
0.15555906295776367
0.21946430206298828
0.15557098388671875
0.13984441757202148
0.17159318923950195
0.21149015426635742
0.9849026203155518
0.15555906295776367
0.21946430206298828
0.15557098388671875
0.13984441757202148
0.17159318923950195
0.21149015426635742
0.9849026203155518
0.15555906295776367
0.21946430206298828
0.15557098388671875
0.13984441757202148
0.17159318923950195
0.21149015426635742
0.9849026203155518
0.15555906295776367
0.21946430206298828
0.15557098388671875
0.13984441757202148
0.17159318923950195
0.21149015426635742
0.9849026203155518
0.15555906295776367
0.21946430206298828
0.15557098388671875
0.13984441757202148
0.17159318923950195
0.21149015426635742
0.9849026203155518
0.15555906295776367
0.21946430206298828
0.15557098388671875
0.13984441757202148
0.17159318923950195
0.21149015426635742
0.9849026203155518
0.15555906295776367
0.21946430206298828
0.15557098388671875
0.13984441757202148
0.17159318923950195
0.21149015426635742
0.9849026203155518
0.15555906295776367
0.21946430206298828
0.15557098388671875
0.13984441757202148
0.21109724044799805
0.17159318923950195
0.21149015426635742
0.9849026203155518
0.15555906295776367
0.21946430206298828
0.15557098388671875
0.13984441757202148
0.21109724044799805
0.17159318923950195
0.21149015426635742
0.9849026203155518
0.15555906295776367
0.21946430206298828
0.15557098388671875
0.13984441757202148
0.21109724044799805
0.17159318923950195
0.21149015426635742
0.9849026203155518
0.15555906295776367
0.21946430206298828
0.15557098388671875
0.13984441757202148
0.21109724044799805
0.17159318923950195
0.21149015426635742
0.9849026203155518
0.15555906295776367
0.21946430206298828
0.15557098388671875
0.13984441757202148
0.21109724044799805
0.8617327213287354
0.17159318923950195
0.21149015426635742
0.9849026203155518
0.15555906295776367
0.21946430206298828
0.15557098388671875
0.13984441757202148
0.21109724044799805
0.8617327213287354
0.17159318923950195
0.21149015426635742
0.9849026203155518
0.15555906295776367
0.21946430206298828
0.15557098388671875
0.13984441757202148
0.21109724044799805
0.8617327213287354
0.19558477401733398
0.17159318923950195
0.21149015426635742
0.9849026203155518
0.15555906295776367
0.21946430206298828
0.15557098388671875
0.13984441757202148
0.21109724044799805
0.8617327213287354
0.19558477401733398
0.17159318923950195
0.21149015426635742
0.9849026203155518
0.15555906295776367
0.21946430206298828
0.15557098388671875
0.13984441757202148
0.21109724044799805
0.8617327213287354
0.19558477401733398
0.1718273162841797
0.17159318923950195
0.21149015426635742
0.9849026203155518
0.15555906295776367
0.21946430206298828
0.15557098388671875
0.13984441757202148
0.21109724044799805
0.8617327213287354
0.19558477401733398
0.1718273162841797