0.1573023796081543
0.1573023796081543
0.1573023796081543
0.1573023796081543
0.1573023796081543
0.1573023796081543
0.1573023796081543
0.1573023796081543
0.1573023796081543
0.5957655906677246
0.1573023796081543
0.5957655906677246
0.18906188011169434
0.1573023796081543
0.5957655906677246
0.18906188011169434
0.1573023796081543
0.5957655906677246
0.18906188011169434
0.3246743679046631
0.1573023796081543
0.5957655906677246
0.18906188011169434
0.3246743679046631
0.1573023796081543
0.5957655906677246
0.18906188011169434
0.3246743679046631
0.1573023796081543
0.5957655906677246
0.18906188011169434
0.3246743679046631
0.1573023796081543
0.5957655906677246
0.18906188011169434
0.3246743679046631
0.1573023796081543
0.5957655906677246
0.18906188011169434
0.3246743679046631
0.1573023796081543
0.5957655906677246
0.18906188011169434
0.3246743679046631
0.1573023796081543
0.5957655906677246
0.18906188011169434
0.3246743679046631
0.12547516822814941
0.1573023796081543
0.5957655906677246
0.18906188011169434
0.3246743679046631
0.12547516822814941
0.1573023796081543
0.5957655906677246
0.18906188011169434
0.3246743679046631
0.12547516822814941
0.13355565071105957
0.1573023796081543
0.5957655906677246
0.18906188011169434
0.3246743679046631
0.12547516822814941
0.13355565071105957
0.20504426956176758
0.1573023796081543
0.5957655906677246
0.18906188011169434
0.3246743679046631
0.12547516822814941
0.13355565071105957
0.20504426956176758
0.18120503425598145
0.1573023796081543
0.5957655906677246
0.18906188011169434
0.3246743679046631
0.12547516822814941
0.13355565071105957
0.20504426956176758
0.18120503425598145
0.1573023796081543
0.5957655906677246
0.18906188011169434
0.3246743679046631
0.12547516822814941
0.13355565071105957
0.20504426956176758
0.18120503425598145
0.1891951560974121
0.1573023796081543
0.5957655906677246
0.18906188011169434
0.3246743679046631
0.12547516822814941
0.13355565071105957
0.20504426956176758
0.18120503425598145
0.1891951560974121
0.1573023796081543
0.5957655906677246
0.18906188011169434
0.3246743679046631
0.12547516822814941
0.13355565071105957
0.20504426956176758
0.18120503425598145
0.1891951560974121
0.21316027641296387
0.19733238220214844
0.6353809833526611
0.16544461250305176