0.5970561504364014
0.5970561504364014
0.5970561504364014
0.43747758865356445
0.3004438877105713
0.5970561504364014
0.43747758865356445
0.3004438877105713
0.26249027252197266
0.5970561504364014
0.43747758865356445
0.3004438877105713
0.26249027252197266
0.5970561504364014
0.43747758865356445
0.3004438877105713
0.26249027252197266
0.3106520175933838
0.30240535736083984
0.5970561504364014
0.43747758865356445
0.3004438877105713
0.26249027252197266
0.3106520175933838
0.30240535736083984
0.5970561504364014
0.43747758865356445
0.3004438877105713
0.26249027252197266
0.3106520175933838
0.30240535736083984
0.5970561504364014
0.43747758865356445
0.3004438877105713
0.26249027252197266
0.3106520175933838
0.30240535736083984
0.3053781986236572
0.5970561504364014
0.43747758865356445
0.3004438877105713
0.26249027252197266
0.3106520175933838
0.30240535736083984
0.3053781986236572
0.5970561504364014
0.43747758865356445
0.3004438877105713
0.26249027252197266
0.3106520175933838
0.30240535736083984
0.3053781986236572
0.2784879207611084
0.5970561504364014
0.43747758865356445
0.3004438877105713
0.26249027252197266
0.3106520175933838
0.30240535736083984
0.3053781986236572
0.2784879207611084
0.5970561504364014
0.43747758865356445
0.3004438877105713
0.26249027252197266
0.3106520175933838
0.30240535736083984
0.3053781986236572
0.2784879207611084
0.5970561504364014
0.43747758865356445
0.3004438877105713
0.26249027252197266
0.3106520175933838
0.30240535736083984
0.3053781986236572
0.2784879207611084
0.1827700138092041
0.5970561504364014
0.43747758865356445
0.3004438877105713
0.26249027252197266
0.3106520175933838
0.30240535736083984
0.3053781986236572
0.2784879207611084
0.1827700138092041
0.5970561504364014
0.43747758865356445
0.3004438877105713
0.26249027252197266
0.3106520175933838
0.30240535736083984
0.3053781986236572
0.2784879207611084
0.1827700138092041
0.5970561504364014
0.43747758865356445
0.3004438877105713
0.26249027252197266
0.3106520175933838
0.30240535736083984
0.3053781986236572
0.2784879207611084
0.1827700138092041
0.2945742607116699
0.5970561504364014
0.43747758865356445
0.3004438877105713
0.26249027252197266
0.3106520175933838
0.30240535736083984
0.3053781986236572
0.2784879207611084
0.1827700138092041
0.2945742607116699
0.5970561504364014
0.43747758865356445
0.3004438877105713
0.26249027252197266
0.3106520175933838
0.30240535736083984
0.3053781986236572
0.2784879207611084
0.1827700138092041
0.2945742607116699
0.5970561504364014
0.43747758865356445
0.3004438877105713
0.26249027252197266
0.3106520175933838
0.30240535736083984
0.3053781986236572
0.2784879207611084
0.1827700138092041
0.2945742607116699
0.5970561504364014
0.43747758865356445
0.3004438877105713
0.26249027252197266
0.3106520175933838
0.30240535736083984
0.3053781986236572
0.2784879207611084
0.1827700138092041
0.2945742607116699
0.310335636138916
0.23052000999450684
0.5970561504364014
0.43747758865356445
0.3004438877105713
0.26249027252197266
0.3106520175933838
0.30240535736083984
0.3053781986236572
0.2784879207611084
0.1827700138092041
0.2945742607116699
0.310335636138916
0.23052000999450684
0.5970561504364014
0.43747758865356445
0.3004438877105713
0.26249027252197266
0.3106520175933838
0.30240535736083984
0.3053781986236572
0.2784879207611084
0.1827700138092041
0.2945742607116699
0.310335636138916
0.23052000999450684
0.21470308303833008
0.5970561504364014
0.43747758865356445
0.3004438877105713
0.26249027252197266
0.3106520175933838
0.30240535736083984
0.3053781986236572
0.2784879207611084
0.1827700138092041
0.2945742607116699
0.310335636138916
0.23052000999450684
0.21470308303833008
0.5970561504364014
0.43747758865356445
0.3004438877105713
0.26249027252197266
0.3106520175933838
0.30240535736083984
0.3053781986236572
0.2784879207611084
0.1827700138092041
0.2945742607116699
0.310335636138916
0.23052000999450684
0.21470308303833008