0.20460939407348633
0.20460939407348633
0.4917562007904053
0.20460939407348633
0.4917562007904053
0.20460939407348633
0.4917562007904053
0.20460939407348633
0.4917562007904053
0.20460939407348633
0.4917562007904053
0.20460939407348633
0.4917562007904053
0.20460939407348633
0.4917562007904053
2.5143256187438965
0.20460939407348633
0.4917562007904053
2.5143256187438965
0.20460939407348633
0.4917562007904053
2.5143256187438965
0.2674567699432373
0.20460939407348633
0.4917562007904053
2.5143256187438965
0.2674567699432373