0.17336440086364746
0.17336440086364746
0.14971637725830078
0.17336440086364746
0.14971637725830078
0.17336440086364746
0.14971637725830078
0.17336440086364746
0.14971637725830078
0.17336440086364746
0.14971637725830078
0.18973898887634277
0.17336440086364746
0.14971637725830078
0.18973898887634277
0.2296462059020996
0.17336440086364746
0.14971637725830078
0.18973898887634277
0.2296462059020996
0.2135162353515625
0.17336440086364746
0.14971637725830078
0.18973898887634277
0.2296462059020996
0.2135162353515625
0.17336440086364746
0.14971637725830078
0.18973898887634277
0.2296462059020996
0.2135162353515625
0.17336440086364746
0.14971637725830078
0.18973898887634277
0.2296462059020996
0.2135162353515625
0.17336440086364746
0.14971637725830078
0.18973898887634277
0.2296462059020996
0.2135162353515625
0.17336440086364746
0.14971637725830078
0.18973898887634277
0.2296462059020996
0.2135162353515625
0.17336440086364746
0.14971637725830078
0.18973898887634277
0.2296462059020996
0.2135162353515625
0.18959569931030273
0.17336440086364746
0.14971637725830078
0.18973898887634277
0.2296462059020996
0.2135162353515625
0.18959569931030273
0.15826702117919922
0.17336440086364746
0.14971637725830078
0.18973898887634277
0.2296462059020996
0.2135162353515625
0.18959569931030273
0.15826702117919922
0.17336440086364746
0.14971637725830078
0.18973898887634277
0.2296462059020996
0.2135162353515625
0.18959569931030273
0.15826702117919922
0.17336440086364746
0.14971637725830078
0.18973898887634277
0.2296462059020996
0.2135162353515625
0.18959569931030273
0.15826702117919922
0.17336440086364746
0.14971637725830078
0.18973898887634277
0.2296462059020996
0.2135162353515625
0.18959569931030273
0.15826702117919922
0.2060549259185791
0.17336440086364746
0.14971637725830078
0.18973898887634277
0.2296462059020996
0.2135162353515625
0.18959569931030273
0.15826702117919922
0.2060549259185791
0.17336440086364746
0.14971637725830078
0.18973898887634277
0.2296462059020996
0.2135162353515625
0.18959569931030273
0.15826702117919922
0.2060549259185791
0.17336440086364746
0.14971637725830078
0.18973898887634277
0.2296462059020996
0.2135162353515625
0.18959569931030273
0.15826702117919922
0.2060549259185791
0.17336440086364746
0.14971637725830078
0.18973898887634277
0.2296462059020996
0.2135162353515625
0.18959569931030273
0.15826702117919922
0.2060549259185791
0.20586752891540527
0.17336440086364746
0.14971637725830078
0.18973898887634277
0.2296462059020996
0.2135162353515625
0.18959569931030273
0.15826702117919922
0.2060549259185791
0.20586752891540527
0.17336440086364746
0.14971637725830078
0.18973898887634277
0.2296462059020996
0.2135162353515625
0.18959569931030273
0.15826702117919922
0.2060549259185791
0.20586752891540527
0.17336440086364746
0.14971637725830078
0.18973898887634277
0.2296462059020996
0.2135162353515625
0.18959569931030273
0.15826702117919922
0.2060549259185791
0.20586752891540527
0.9276854991912842
0.17336440086364746
0.14971637725830078
0.18973898887634277
0.2296462059020996
0.2135162353515625
0.18959569931030273
0.15826702117919922
0.2060549259185791
0.20586752891540527
0.9276854991912842
0.17336440086364746
0.14971637725830078
0.18973898887634277
0.2296462059020996
0.2135162353515625
0.18959569931030273
0.15826702117919922
0.2060549259185791
0.20586752891540527
0.9276854991912842
0.17336440086364746
0.14971637725830078
0.18973898887634277
0.2296462059020996
0.2135162353515625
0.18959569931030273
0.15826702117919922
0.2060549259185791
0.20586752891540527
0.9276854991912842