0.2919783592224121
0.2919783592224121
0.2919783592224121
0.2919783592224121
0.3642399311065674
0.2919783592224121
0.3642399311065674
0.2919783592224121
0.3642399311065674
0.2919783592224121
0.3642399311065674
0.2919783592224121
0.3642399311065674
0.2758336067199707
0.2919783592224121
0.3642399311065674
0.2758336067199707
0.2919783592224121
0.3642399311065674
0.2758336067199707
0.2919783592224121
0.3642399311065674
0.2758336067199707
0.2919783592224121
0.3642399311065674
0.2758336067199707
0.2919783592224121
0.3642399311065674
0.2758336067199707
0.2919783592224121
0.3642399311065674
0.2758336067199707
0.2919783592224121
0.3642399311065674
0.2758336067199707
0.2919783592224121
0.3642399311065674
0.2758336067199707
0.2919783592224121
0.3642399311065674
0.2758336067199707
0.2919783592224121
0.3642399311065674
0.2758336067199707
0.2919783592224121
0.3642399311065674
0.2758336067199707
0.2919783592224121
0.3642399311065674
0.2758336067199707
0.2919783592224121
0.3642399311065674
0.2758336067199707
0.2919783592224121
0.3642399311065674
0.2758336067199707
0.28411269187927246
0.2919783592224121
0.3642399311065674
0.2758336067199707
0.28411269187927246
0.46640563011169434
0.2919783592224121
0.3642399311065674
0.2758336067199707
0.28411269187927246
0.46640563011169434
0.2919783592224121
0.3642399311065674
0.2758336067199707
0.28411269187927246
0.46640563011169434
0.2919783592224121
0.3642399311065674
0.2758336067199707
0.28411269187927246
0.46640563011169434
0.2919783592224121
0.3642399311065674
0.2758336067199707
0.28411269187927246
0.46640563011169434