0.16260552406311035
0.16260552406311035
0.16260552406311035
0.16260552406311035
0.16260552406311035
0.16260552406311035
0.16260552406311035
0.16260552406311035
0.16260552406311035
0.16260552406311035
0.16260552406311035
0.16260552406311035
0.16260552406311035
0.16260552406311035
0.16260552406311035
0.16260552406311035
0.16260552406311035
0.16260552406311035
0.16260552406311035
0.16260552406311035
0.16260552406311035
0.16260552406311035
0.16260552406311035
0.16260552406311035
0.16260552406311035
0.16260552406311035
0.16260552406311035
0.16260552406311035
0.16260552406311035
0.16260552406311035
0.16260552406311035