1.1559829711914062
1.1559829711914062
0.3262004852294922
1.1559829711914062
0.3262004852294922
1.596034049987793
0.2619478702545166
1.1559829711914062
0.3262004852294922
1.596034049987793
0.2619478702545166
1.1559829711914062
0.3262004852294922
1.596034049987793
0.2619478702545166
1.1559829711914062
0.3262004852294922
1.596034049987793
0.2619478702545166
1.1559829711914062
0.3262004852294922
1.596034049987793
0.2619478702545166
1.1559829711914062
0.3262004852294922
1.596034049987793
0.2619478702545166
1.1559829711914062
0.3262004852294922
1.596034049987793
0.2619478702545166
1.1559829711914062
0.3262004852294922
1.596034049987793
0.2619478702545166
0.23851513862609863
1.1559829711914062
0.3262004852294922
1.596034049987793
0.2619478702545166
0.23851513862609863
1.1559829711914062
0.3262004852294922
1.596034049987793
0.2619478702545166
0.23851513862609863
1.1559829711914062
0.3262004852294922
1.596034049987793
0.2619478702545166
0.23851513862609863
1.1559829711914062
0.3262004852294922
1.596034049987793
0.2619478702545166
0.23851513862609863
1.1559829711914062
0.3262004852294922
1.596034049987793
0.2619478702545166
0.23851513862609863
1.1559829711914062
0.3262004852294922
1.596034049987793
0.2619478702545166
0.23851513862609863
1.1559829711914062
0.3262004852294922
1.596034049987793
0.2619478702545166
0.23851513862609863
1.1559829711914062
0.3262004852294922
1.596034049987793
0.2619478702545166
0.23851513862609863
1.1559829711914062
0.3262004852294922
1.596034049987793
0.2619478702545166
0.23851513862609863
1.1559829711914062
0.3262004852294922
1.596034049987793
0.2619478702545166
0.23851513862609863
1.1559829711914062
0.3262004852294922
1.596034049987793
0.2619478702545166
0.23851513862609863
1.1559829711914062
0.3262004852294922
1.596034049987793
0.2619478702545166
0.23851513862609863
0.8287079334259033
0.20653700828552246
1.1559829711914062
0.3262004852294922
1.596034049987793
0.2619478702545166
0.23851513862609863
0.8287079334259033
0.20653700828552246
1.1559829711914062
0.3262004852294922
1.596034049987793
0.2619478702545166
0.23851513862609863
0.8287079334259033
0.20653700828552246
0.2700471878051758
1.1559829711914062
0.3262004852294922
1.596034049987793
0.2619478702545166
0.23851513862609863
0.8287079334259033
0.20653700828552246
0.2700471878051758
1.1559829711914062
0.3262004852294922
1.596034049987793
0.2619478702545166
0.23851513862609863
0.8287079334259033
0.20653700828552246
0.2700471878051758
1.1559829711914062
0.3262004852294922
1.596034049987793
0.2619478702545166
0.23851513862609863
0.8287079334259033
0.20653700828552246
0.2700471878051758
1.2323718070983887
1.1559829711914062
0.3262004852294922
1.596034049987793
0.2619478702545166
0.23851513862609863
0.8287079334259033
0.20653700828552246
0.2700471878051758
1.2323718070983887
1.1559829711914062
0.3262004852294922
1.596034049987793
0.2619478702545166
0.23851513862609863
0.8287079334259033
0.20653700828552246
0.2700471878051758
1.2323718070983887