0.21076226234436035
0.21076226234436035
0.21076226234436035
0.21076226234436035
0.21076226234436035
0.21076226234436035
0.21076226234436035
0.21076226234436035
0.21076226234436035
0.21076226234436035
0.21076226234436035
0.21076226234436035
0.21076226234436035
0.21076226234436035
0.21076226234436035
0.21076226234436035
0.21076226234436035
0.6023263931274414
0.21076226234436035
0.6023263931274414
0.21076226234436035
0.6023263931274414
0.1878964900970459
0.21076226234436035
0.6023263931274414
0.1878964900970459
0.21076226234436035
0.6023263931274414
0.1878964900970459
0.21076226234436035
0.6023263931274414
0.1878964900970459
0.21076226234436035
0.6023263931274414
0.1878964900970459
0.21076226234436035
0.6023263931274414
0.1878964900970459
0.21076226234436035
0.6023263931274414
0.1878964900970459
0.21076226234436035
0.6023263931274414
0.1878964900970459
0.20356154441833496
0.21076226234436035
0.6023263931274414
0.1878964900970459
0.20356154441833496
0.21076226234436035
0.6023263931274414
0.1878964900970459
0.20356154441833496
0.21076226234436035
0.6023263931274414
0.1878964900970459
0.20356154441833496
0.25185275077819824
0.21076226234436035
0.6023263931274414
0.1878964900970459
0.20356154441833496
0.25185275077819824
0.2596554756164551