0.6043589115142822
0.6043589115142822
0.6043589115142822
0.6043589115142822
0.6043589115142822
0.6043589115142822
0.6043589115142822
0.6043589115142822
0.6043589115142822
0.4431750774383545
0.6043589115142822
0.4431750774383545
0.6043589115142822
0.4431750774383545
0.6043589115142822
0.4431750774383545
0.6043589115142822
0.4431750774383545
0.6043589115142822
0.4431750774383545
0.6043589115142822
0.4431750774383545
0.6043589115142822
0.4431750774383545
0.6043589115142822
0.4431750774383545
0.6043589115142822
0.4431750774383545
0.6043589115142822
0.4431750774383545
0.6043589115142822
0.4431750774383545
0.6043589115142822
0.4431750774383545
0.6043589115142822
0.4431750774383545
0.6043589115142822
0.4431750774383545
0.6043589115142822
0.4431750774383545