0.24128985404968262
0.2673208713531494
0.2665212154388428
0.25212550163269043
0.22995853424072266
0.27805233001708984
0.24100351333618164
0.2610659599304199
0.2395937442779541
0.2639162540435791
0.24573612213134766
0.27233290672302246
0.2918109893798828
0.28052711486816406
0.26541709899902344
0.285447359085083
0.2717442512512207
0.30570268630981445
0.24635863304138184
0.301013708114624
0.26148343086242676
0.24991512298583984
0.2861175537109375
0.27692341804504395
0.2526271343231201
0.2525937557220459
0.28490281105041504
0.2730226516723633
0.2568197250366211
0.2782912254333496
0.3131990432739258
0.2608020305633545
0.26645350456237793
0.253049373626709
0.3241918087005615
0.29221677780151367
0.2994356155395508
0.2584981918334961
0.27137255668640137
0.2813854217529297
0.2851216793060303
0.2722654342651367
0.2446887493133545
0.26378870010375977
0.2821364402770996
0.25719404220581055
0.2595245838165283
0.26025986671447754
0.2903890609741211
0.2683587074279785
0.3107142448425293