0.19810104370117188
0.19810104370117188
0.19810104370117188
0.18743419647216797
0.19810104370117188
0.18743419647216797
0.19810104370117188
0.18743419647216797
0.19810104370117188
0.18743419647216797
0.19810104370117188
0.18743419647216797
0.19810104370117188
0.18743419647216797
0.19810104370117188
0.18743419647216797
0.19810104370117188
0.18743419647216797
0.19810104370117188
0.18743419647216797
0.1502985954284668
0.19810104370117188
0.18743419647216797
0.1502985954284668
0.19810104370117188
0.18743419647216797
0.1502985954284668
1.630265474319458
0.19810104370117188
0.18743419647216797
0.1502985954284668
1.630265474319458
0.15822291374206543
0.19810104370117188
0.18743419647216797
0.1502985954284668
1.630265474319458
0.15822291374206543
0.19810104370117188
0.18743419647216797
0.1502985954284668
1.630265474319458
0.15822291374206543
0.2219679355621338
0.19810104370117188
0.18743419647216797
0.1502985954284668
1.630265474319458
0.15822291374206543
0.2219679355621338
0.19810104370117188
0.18743419647216797
0.1502985954284668
1.630265474319458
0.15822291374206543
0.2219679355621338
0.5254535675048828
0.19810104370117188
0.18743419647216797
0.1502985954284668
1.630265474319458
0.15822291374206543
0.2219679355621338
0.5254535675048828
0.1501610279083252
0.19810104370117188
0.18743419647216797
0.1502985954284668
1.630265474319458
0.15822291374206543
0.2219679355621338
0.5254535675048828
0.1501610279083252
0.19810104370117188
0.18743419647216797
0.1502985954284668
1.630265474319458
0.15822291374206543
0.2219679355621338
0.5254535675048828
0.1501610279083252
0.15030145645141602
0.19810104370117188
0.18743419647216797
0.1502985954284668
1.630265474319458
0.15822291374206543
0.2219679355621338
0.5254535675048828
0.1501610279083252
0.15030145645141602
0.19810104370117188
0.18743419647216797
0.1502985954284668
1.630265474319458
0.15822291374206543
0.2219679355621338
0.5254535675048828
0.1501610279083252
0.15030145645141602
0.19810104370117188
0.18743419647216797
0.1502985954284668
1.630265474319458
0.15822291374206543
0.2219679355621338
0.5254535675048828
0.1501610279083252
0.15030145645141602
0.16605329513549805
0.19810104370117188
0.18743419647216797
0.1502985954284668
1.630265474319458
0.15822291374206543
0.2219679355621338
0.5254535675048828
0.1501610279083252
0.15030145645141602
0.16605329513549805
0.1662898063659668
0.19810104370117188
0.18743419647216797
0.1502985954284668
1.630265474319458
0.15822291374206543
0.2219679355621338
0.5254535675048828
0.1501610279083252
0.15030145645141602
0.16605329513549805
0.1662898063659668
0.19810104370117188
0.18743419647216797
0.1502985954284668
1.630265474319458
0.15822291374206543
0.2219679355621338
0.5254535675048828
0.1501610279083252
0.15030145645141602
0.16605329513549805
0.1662898063659668
0.18237805366516113
0.19810104370117188
0.18743419647216797
0.1502985954284668
1.630265474319458
0.15822291374206543
0.2219679355621338
0.5254535675048828
0.1501610279083252
0.15030145645141602
0.16605329513549805
0.1662898063659668
0.18237805366516113
0.19810104370117188
0.18743419647216797
0.1502985954284668
1.630265474319458
0.15822291374206543
0.2219679355621338
0.5254535675048828
0.1501610279083252
0.15030145645141602
0.16605329513549805
0.1662898063659668
0.18237805366516113
0.17428898811340332
0.19810104370117188
0.18743419647216797
0.1502985954284668
1.630265474319458
0.15822291374206543
0.2219679355621338
0.5254535675048828
0.1501610279083252
0.15030145645141602
0.16605329513549805
0.1662898063659668
0.18237805366516113
0.17428898811340332
0.19810104370117188
0.18743419647216797
0.1502985954284668
1.630265474319458
0.15822291374206543
0.2219679355621338
0.5254535675048828
0.1501610279083252
0.15030145645141602
0.16605329513549805
0.1662898063659668
0.18237805366516113
0.17428898811340332