0.1889646053314209
0.1889646053314209
0.1889646053314209
0.1889646053314209
0.1889646053314209
0.1889646053314209
0.1889646053314209
0.1889646053314209
0.1889646053314209
0.1889646053314209
0.1889646053314209
0.1889646053314209
0.1889646053314209
0.1889646053314209
0.1889646053314209
0.1889646053314209
0.1889646053314209
0.1889646053314209
0.1889646053314209
0.1889646053314209
0.1889646053314209
0.1889646053314209
0.1889646053314209
0.1889646053314209
0.1889646053314209
0.1889646053314209
0.1889646053314209
0.1889646053314209
0.1889646053314209