0.21247076988220215
0.21247076988220215
0.2951798439025879
0.21247076988220215
0.2951798439025879
0.21247076988220215
0.2951798439025879
0.26288390159606934
0.23850560188293457
0.3190748691558838
0.21247076988220215
0.2951798439025879
0.26288390159606934
0.23850560188293457
0.3190748691558838
0.30318570137023926
0.271533727645874
0.7899627685546875
0.21247076988220215
0.2951798439025879
0.26288390159606934
0.23850560188293457
0.3190748691558838
0.30318570137023926
0.271533727645874
0.7899627685546875
0.21247076988220215
0.2951798439025879
0.26288390159606934
0.23850560188293457
0.3190748691558838
0.30318570137023926
0.271533727645874
0.7899627685546875
0.21247076988220215
0.2951798439025879
0.26288390159606934
0.23850560188293457
0.3190748691558838
0.30318570137023926
0.271533727645874
0.7899627685546875
0.3271751403808594
0.21247076988220215
0.2951798439025879
0.26288390159606934
0.23850560188293457
0.3190748691558838
0.30318570137023926
0.271533727645874
0.7899627685546875
0.3271751403808594
0.2715311050415039
0.21247076988220215
0.2951798439025879
0.26288390159606934
0.23850560188293457
0.3190748691558838
0.30318570137023926
0.271533727645874
0.7899627685546875
0.3271751403808594
0.2715311050415039
0.21557259559631348
0.21247076988220215
0.2951798439025879
0.26288390159606934
0.23850560188293457
0.3190748691558838
0.30318570137023926
0.271533727645874
0.7899627685546875
0.3271751403808594
0.2715311050415039
0.21557259559631348
0.21247076988220215
0.2951798439025879
0.26288390159606934
0.23850560188293457
0.3190748691558838
0.30318570137023926
0.271533727645874
0.7899627685546875
0.3271751403808594
0.2715311050415039
0.21557259559631348
0.39890265464782715
1.0526502132415771
0.21247076988220215
0.2951798439025879
0.26288390159606934
0.23850560188293457
0.3190748691558838
0.30318570137023926
0.271533727645874
0.7899627685546875
0.3271751403808594
0.2715311050415039
0.21557259559631348
0.39890265464782715
1.0526502132415771
0.294872522354126
0.21247076988220215
0.2951798439025879
0.26288390159606934
0.23850560188293457
0.3190748691558838
0.30318570137023926
0.271533727645874
0.7899627685546875
0.3271751403808594
0.2715311050415039
0.21557259559631348
0.39890265464782715
1.0526502132415771
0.294872522354126
0.2873053550720215
0.21247076988220215
0.2951798439025879
0.26288390159606934
0.23850560188293457
0.3190748691558838
0.30318570137023926
0.271533727645874
0.7899627685546875
0.3271751403808594
0.2715311050415039
0.21557259559631348
0.39890265464782715
1.0526502132415771
0.294872522354126
0.2873053550720215
0.22276616096496582
0.2469620704650879
0.21247076988220215
0.2951798439025879
0.26288390159606934
0.23850560188293457
0.3190748691558838
0.30318570137023926
0.271533727645874
0.7899627685546875
0.3271751403808594
0.2715311050415039
0.21557259559631348
0.39890265464782715
1.0526502132415771
0.294872522354126
0.2873053550720215
0.22276616096496582
0.2469620704650879
0.3108088970184326
0.21247076988220215
0.2951798439025879
0.26288390159606934
0.23850560188293457
0.3190748691558838
0.30318570137023926
0.271533727645874
0.7899627685546875
0.3271751403808594
0.2715311050415039
0.21557259559631348
0.39890265464782715
1.0526502132415771
0.294872522354126
0.2873053550720215
0.22276616096496582
0.2469620704650879
0.3108088970184326
0.23931145668029785
0.21247076988220215
0.2951798439025879
0.26288390159606934
0.23850560188293457
0.3190748691558838
0.30318570137023926
0.271533727645874
0.7899627685546875
0.3271751403808594
0.2715311050415039
0.21557259559631348
0.39890265464782715
1.0526502132415771
0.294872522354126
0.2873053550720215
0.22276616096496582
0.2469620704650879
0.3108088970184326
0.23931145668029785
0.27140164375305176
0.2793734073638916
0.21247076988220215
0.2951798439025879
0.26288390159606934
0.23850560188293457
0.3190748691558838
0.30318570137023926
0.271533727645874
0.7899627685546875
0.3271751403808594
0.2715311050415039
0.21557259559631348
0.39890265464782715
1.0526502132415771
0.294872522354126
0.2873053550720215
0.22276616096496582
0.2469620704650879
0.3108088970184326
0.23931145668029785
0.27140164375305176
0.2793734073638916
0.2237703800201416
0.6624586582183838
0.21247076988220215
0.2951798439025879
0.26288390159606934
0.23850560188293457
0.3190748691558838
0.30318570137023926
0.271533727645874
0.7899627685546875
0.3271751403808594
0.2715311050415039
0.21557259559631348
0.39890265464782715
1.0526502132415771
0.294872522354126
0.2873053550720215
0.22276616096496582
0.2469620704650879
0.3108088970184326
0.23931145668029785
0.27140164375305176
0.2793734073638916
0.2237703800201416
0.6624586582183838
0.22339439392089844
0.5106949806213379
0.5191068649291992
0.21247076988220215
0.2951798439025879
0.26288390159606934
0.23850560188293457
0.3190748691558838
0.30318570137023926
0.271533727645874
0.7899627685546875
0.3271751403808594
0.2715311050415039
0.21557259559631348
0.39890265464782715
1.0526502132415771
0.294872522354126
0.2873053550720215
0.22276616096496582
0.2469620704650879
0.3108088970184326
0.23931145668029785
0.27140164375305176
0.2793734073638916
0.2237703800201416
0.6624586582183838
0.22339439392089844
0.5106949806213379
0.5191068649291992
0.2635986804962158
0.30293846130371094
0.23970627784729004
0.23956656455993652
0.21247076988220215
0.2951798439025879
0.26288390159606934
0.23850560188293457
0.3190748691558838
0.30318570137023926
0.271533727645874
0.7899627685546875
0.3271751403808594
0.2715311050415039
0.21557259559631348
0.39890265464782715
1.0526502132415771
0.294872522354126
0.2873053550720215
0.22276616096496582
0.2469620704650879
0.3108088970184326
0.23931145668029785
0.27140164375305176
0.2793734073638916
0.2237703800201416
0.6624586582183838
0.22339439392089844
0.5106949806213379
0.5191068649291992
0.2635986804962158
0.30293846130371094
0.23970627784729004
0.23956656455993652
0.29546260833740234
0.2873344421386719
0.21247076988220215
0.2951798439025879
0.26288390159606934
0.23850560188293457
0.3190748691558838
0.30318570137023926
0.271533727645874
0.7899627685546875
0.3271751403808594
0.2715311050415039
0.21557259559631348
0.39890265464782715
1.0526502132415771
0.294872522354126
0.2873053550720215
0.22276616096496582
0.2469620704650879
0.3108088970184326
0.23931145668029785
0.27140164375305176
0.2793734073638916
0.2237703800201416
0.6624586582183838
0.22339439392089844
0.5106949806213379
0.5191068649291992
0.2635986804962158
0.30293846130371094
0.23970627784729004
0.23956656455993652
0.29546260833740234
0.2873344421386719
0.27142882347106934
0.3272697925567627
0.21247076988220215
0.2951798439025879
0.26288390159606934
0.23850560188293457
0.3190748691558838
0.30318570137023926
0.271533727645874
0.7899627685546875
0.3271751403808594
0.2715311050415039
0.21557259559631348
0.39890265464782715
1.0526502132415771
0.294872522354126
0.2873053550720215
0.22276616096496582
0.2469620704650879
0.3108088970184326
0.23931145668029785
0.27140164375305176
0.2793734073638916
0.2237703800201416
0.6624586582183838
0.22339439392089844
0.5106949806213379
0.5191068649291992
0.2635986804962158
0.30293846130371094
0.23970627784729004
0.23956656455993652
0.29546260833740234
0.2873344421386719
0.27142882347106934
0.3272697925567627
0.2552530765533447
0.21247076988220215
0.2951798439025879
0.26288390159606934
0.23850560188293457
0.3190748691558838
0.30318570137023926
0.271533727645874
0.7899627685546875
0.3271751403808594
0.2715311050415039
0.21557259559631348
0.39890265464782715
1.0526502132415771
0.294872522354126
0.2873053550720215
0.22276616096496582
0.2469620704650879
0.3108088970184326
0.23931145668029785
0.27140164375305176
0.2793734073638916
0.2237703800201416
0.6624586582183838
0.22339439392089844
0.5106949806213379
0.5191068649291992
0.2635986804962158
0.30293846130371094
0.23970627784729004
0.23956656455993652
0.29546260833740234
0.2873344421386719
0.27142882347106934
0.3272697925567627
0.2552530765533447
0.2556009292602539
0.21247076988220215
0.2951798439025879
0.26288390159606934
0.23850560188293457
0.3190748691558838
0.30318570137023926
0.271533727645874
0.7899627685546875
0.3271751403808594
0.2715311050415039
0.21557259559631348
0.39890265464782715
1.0526502132415771
0.294872522354126
0.2873053550720215
0.22276616096496582
0.2469620704650879
0.3108088970184326
0.23931145668029785
0.27140164375305176
0.2793734073638916
0.2237703800201416
0.6624586582183838
0.22339439392089844
0.5106949806213379
0.5191068649291992
0.2635986804962158
0.30293846130371094
0.23970627784729004
0.23956656455993652
0.29546260833740234
0.2873344421386719
0.27142882347106934
0.3272697925567627
0.2552530765533447
0.2556009292602539
0.23162531852722168
0.21247076988220215
0.2951798439025879
0.26288390159606934
0.23850560188293457
0.3190748691558838
0.30318570137023926
0.271533727645874
0.7899627685546875
0.3271751403808594
0.2715311050415039
0.21557259559631348
0.39890265464782715
1.0526502132415771
0.294872522354126
0.2873053550720215
0.22276616096496582
0.2469620704650879
0.3108088970184326
0.23931145668029785
0.27140164375305176
0.2793734073638916
0.2237703800201416
0.6624586582183838
0.22339439392089844
0.5106949806213379
0.5191068649291992
0.2635986804962158
0.30293846130371094
0.23970627784729004
0.23956656455993652
0.29546260833740234
0.2873344421386719
0.27142882347106934
0.3272697925567627
0.2552530765533447
0.2556009292602539
0.23162531852722168
0.223524808883667
0.287609338760376
0.2633397579193115
0.31860971450805664
0.35094261169433594