1.2217028141021729
1.2217028141021729
1.2217028141021729
1.1412415504455566
1.2217028141021729
1.1412415504455566
1.2217028141021729
1.1412415504455566
1.2217028141021729
1.1412415504455566
1.2217028141021729
1.1412415504455566
1.2217028141021729
1.1412415504455566
1.2217028141021729
1.1412415504455566
1.2217028141021729
1.1412415504455566
1.2217028141021729
1.1412415504455566
1.2217028141021729
1.1412415504455566
1.2217028141021729
1.1412415504455566
1.2217028141021729
1.1412415504455566
1.2217028141021729
1.1412415504455566