0.19079303741455078
0.19079303741455078
0.19079303741455078
0.19079303741455078
0.19079303741455078
0.19079303741455078
0.19079303741455078
0.19079303741455078
0.19079303741455078
0.19079303741455078
0.19079303741455078
0.19079303741455078
0.19079303741455078
0.19079303741455078
0.19079303741455078
0.19079303741455078
0.19079303741455078
0.19079303741455078
0.19079303741455078
0.19079303741455078
0.19079303741455078
0.19079303741455078
0.19079303741455078
0.19079303741455078
0.19079303741455078
0.19079303741455078
0.19079303741455078
0.19079303741455078
0.19079303741455078
0.19079303741455078
0.19079303741455078