0.5005156993865967
0.5005156993865967
0.5005156993865967
0.5005156993865967
0.5005156993865967
0.5005156993865967
0.5005156993865967
0.5005156993865967
0.5005156993865967
0.5005156993865967
0.5005156993865967
0.5005156993865967
0.5005156993865967
0.37303662300109863
0.5005156993865967
0.37303662300109863
0.5005156993865967
0.37303662300109863
0.5005156993865967
0.37303662300109863
0.5005156993865967
0.37303662300109863
0.5005156993865967
0.37303662300109863
0.5005156993865967
0.37303662300109863
0.5005156993865967
0.37303662300109863
0.5005156993865967
0.37303662300109863
0.5005156993865967
0.37303662300109863
0.5005156993865967
0.37303662300109863
0.5005156993865967
0.37303662300109863
0.5005156993865967
0.37303662300109863
0.5005156993865967
0.37303662300109863