0.1425027847290039
0.1425027847290039
0.19859600067138672
0.1425027847290039
0.19859600067138672
0.1425027847290039
0.19859600067138672
0.1425027847290039
0.19859600067138672
0.1425027847290039
0.19859600067138672
0.1425027847290039
0.19859600067138672
0.1425027847290039
0.19859600067138672
0.1660323143005371
0.1425027847290039
0.19859600067138672
0.1660323143005371
0.1425027847290039
0.19859600067138672
0.1660323143005371
0.1425027847290039
0.19859600067138672
0.1660323143005371
0.1425027847290039
0.19859600067138672
0.1660323143005371
0.1425027847290039
0.19859600067138672
0.1660323143005371
0.1425027847290039
0.19859600067138672
0.1660323143005371
0.1425027847290039
0.19859600067138672
0.1660323143005371