0.570275068283081
0.570275068283081
0.570275068283081
0.570275068283081
0.570275068283081
0.570275068283081
0.570275068283081
0.570275068283081
0.5625991821289062
0.570275068283081
0.5625991821289062
0.570275068283081
0.5625991821289062
0.570275068283081
0.5625991821289062
0.570275068283081
0.5625991821289062
0.3790116310119629
0.7138926982879639
0.570275068283081
0.5625991821289062
0.3790116310119629
0.7138926982879639
0.49120616912841797
0.570275068283081
0.5625991821289062
0.3790116310119629
0.7138926982879639
0.49120616912841797
0.570275068283081
0.5625991821289062
0.3790116310119629
0.7138926982879639
0.49120616912841797
0.570275068283081
0.5625991821289062
0.3790116310119629
0.7138926982879639
0.49120616912841797
0.570275068283081
0.5625991821289062
0.3790116310119629
0.7138926982879639
0.49120616912841797
0.570275068283081
0.5625991821289062
0.3790116310119629
0.7138926982879639
0.49120616912841797
0.6581754684448242
0.570275068283081
0.5625991821289062
0.3790116310119629
0.7138926982879639
0.49120616912841797
0.6581754684448242
0.570275068283081
0.5625991821289062
0.3790116310119629
0.7138926982879639
0.49120616912841797
0.6581754684448242
0.570275068283081
0.5625991821289062
0.3790116310119629
0.7138926982879639
0.49120616912841797
0.6581754684448242
0.570275068283081
0.5625991821289062
0.3790116310119629
0.7138926982879639
0.49120616912841797
0.6581754684448242
0.570275068283081
0.5625991821289062
0.3790116310119629
0.7138926982879639
0.49120616912841797
0.6581754684448242
0.570275068283081
0.5625991821289062
0.3790116310119629
0.7138926982879639
0.49120616912841797
0.6581754684448242
0.570275068283081
0.5625991821289062
0.3790116310119629
0.7138926982879639
0.49120616912841797
0.6581754684448242
0.570275068283081
0.5625991821289062
0.3790116310119629
0.7138926982879639
0.49120616912841797
0.6581754684448242
0.570275068283081
0.5625991821289062
0.3790116310119629
0.7138926982879639
0.49120616912841797
0.6581754684448242