0.2291865348815918
0.2291865348815918
0.2291865348815918
0.2291865348815918
0.2291865348815918
0.2291865348815918
0.2291865348815918
0.2291865348815918
0.2042064666748047
0.2291865348815918
0.2042064666748047
0.2291865348815918
0.2042064666748047
0.2291865348815918
0.2042064666748047
0.2291865348815918
0.2042064666748047
0.2291865348815918
0.2042064666748047
0.2291865348815918
0.2042064666748047
1.310701847076416
0.2291865348815918
0.2042064666748047
1.310701847076416
0.2291865348815918
0.2042064666748047
1.310701847076416
0.2291865348815918
0.2042064666748047
1.310701847076416
0.2291865348815918
0.2042064666748047
1.310701847076416
0.2291865348815918
0.2042064666748047
1.310701847076416
0.2291865348815918
0.2042064666748047
1.310701847076416
0.2291865348815918
0.2042064666748047
1.310701847076416