0.3331899642944336
0.27100634574890137
0.3331899642944336
0.27100634574890137
0.3331899642944336
0.27100634574890137
0.3331899642944336
0.27100634574890137
0.3331899642944336
0.27100634574890137
0.31665825843811035
0.3331899642944336
0.27100634574890137
0.31665825843811035
0.33193182945251465
0.3331899642944336
0.27100634574890137
0.31665825843811035
0.33193182945251465
0.3331899642944336
0.27100634574890137
0.31665825843811035
0.33193182945251465
0.3331899642944336
0.27100634574890137
0.31665825843811035
0.33193182945251465
0.3331899642944336
0.27100634574890137
0.31665825843811035
0.33193182945251465
0.3331899642944336
0.27100634574890137
0.31665825843811035
0.33193182945251465
0.40462684631347656
0.6124589443206787
0.3331899642944336
0.27100634574890137
0.31665825843811035
0.33193182945251465
0.40462684631347656
0.6124589443206787
0.3331899642944336
0.27100634574890137
0.31665825843811035
0.33193182945251465
0.40462684631347656
0.6124589443206787
0.3331899642944336
0.27100634574890137
0.31665825843811035
0.33193182945251465
0.40462684631347656
0.6124589443206787
0.3331899642944336
0.27100634574890137
0.31665825843811035
0.33193182945251465
0.40462684631347656
0.6124589443206787
0.3331899642944336
0.27100634574890137
0.31665825843811035
0.33193182945251465
0.40462684631347656
0.6124589443206787
0.3331899642944336
0.27100634574890137
0.31665825843811035
0.33193182945251465
0.40462684631347656
0.6124589443206787
0.3331899642944336
0.27100634574890137
0.31665825843811035
0.33193182945251465
0.40462684631347656
0.6124589443206787
0.34146547317504883
0.3331899642944336
0.27100634574890137
0.31665825843811035
0.33193182945251465
0.40462684631347656
0.6124589443206787
0.34146547317504883
0.2926950454711914
0.3331899642944336
0.27100634574890137
0.31665825843811035
0.33193182945251465
0.40462684631347656
0.6124589443206787
0.34146547317504883
0.2926950454711914
0.3331899642944336
0.27100634574890137
0.31665825843811035
0.33193182945251465
0.40462684631347656
0.6124589443206787
0.34146547317504883
0.2926950454711914
0.3331899642944336
0.27100634574890137
0.31665825843811035
0.33193182945251465
0.40462684631347656
0.6124589443206787
0.34146547317504883
0.2926950454711914
0.2777576446533203
0.3331899642944336
0.27100634574890137
0.31665825843811035
0.33193182945251465
0.40462684631347656
0.6124589443206787
0.34146547317504883
0.2926950454711914
0.2777576446533203
0.3331899642944336
0.27100634574890137
0.31665825843811035
0.33193182945251465
0.40462684631347656
0.6124589443206787
0.34146547317504883
0.2926950454711914
0.2777576446533203
0.3331899642944336
0.27100634574890137
0.31665825843811035
0.33193182945251465
0.40462684631347656
0.6124589443206787
0.34146547317504883
0.2926950454711914
0.2777576446533203
0.29964303970336914
0.3331899642944336
0.27100634574890137
0.31665825843811035
0.33193182945251465
0.40462684631347656
0.6124589443206787
0.34146547317504883
0.2926950454711914
0.2777576446533203
0.29964303970336914
0.3331899642944336
0.27100634574890137
0.31665825843811035
0.33193182945251465
0.40462684631347656
0.6124589443206787
0.34146547317504883
0.2926950454711914
0.2777576446533203
0.29964303970336914
0.429279088973999
0.3331899642944336
0.27100634574890137
0.31665825843811035
0.33193182945251465
0.40462684631347656
0.6124589443206787
0.34146547317504883
0.2926950454711914
0.2777576446533203
0.29964303970336914
0.429279088973999
0.4284684658050537
0.3331899642944336
0.27100634574890137
0.31665825843811035
0.33193182945251465
0.40462684631347656
0.6124589443206787
0.34146547317504883
0.2926950454711914
0.2777576446533203
0.29964303970336914
0.429279088973999
0.4284684658050537