0.20533251762390137
0.23522472381591797
0.20608997344970703
0.23981046676635742
0.19112038612365723
0.25401854515075684
0.742462158203125
0.22446870803833008
0.20009803771972656
0.20728778839111328
0.1643071174621582
0.2632439136505127
0.17804408073425293
0.21124958992004395
0.16618680953979492
0.4583306312561035
0.8480224609375
0.21250200271606445
0.3229103088378906
0.17602038383483887
0.9496798515319824
0.280306339263916
0.17579007148742676
0.182328462600708
0.36290454864501953
0.19234108924865723
0.23672246932983398
0.9353034496307373
0.5216226577758789
0.21014761924743652
0.7613143920898438
0.2238774299621582
0.2829160690307617
0.2119452953338623
0.25747156143188477
0.21778368949890137
0.2652933597564697
0.18308544158935547