0.17078042030334473
0.17078042030334473
0.17078042030334473
0.17078042030334473
0.17078042030334473
0.17078042030334473
0.17078042030334473
0.17078042030334473
0.17078042030334473
0.17078042030334473
0.17078042030334473
0.17078042030334473
0.17078042030334473
0.17078042030334473
0.17078042030334473
0.17078042030334473
0.17078042030334473
0.17078042030334473
0.17078042030334473
0.17078042030334473
0.17078042030334473
0.17078042030334473
0.17078042030334473
0.17078042030334473
0.17078042030334473
0.17078042030334473
0.17078042030334473
0.17078042030334473
0.17078042030334473