0.39649224281311035
0.39649224281311035
0.39649224281311035
0.2928745746612549
0.39649224281311035
0.2928745746612549
0.39649224281311035
0.2928745746612549
0.39649224281311035
0.2928745746612549
0.39649224281311035
0.2928745746612549
0.39649224281311035
0.2928745746612549
0.39649224281311035
0.2928745746612549
0.39649224281311035
0.2928745746612549
0.39649224281311035
0.2928745746612549
0.39649224281311035
0.2928745746612549
0.39649224281311035
0.2928745746612549
0.39649224281311035
0.2928745746612549
0.39649224281311035
0.2928745746612549
0.39649224281311035
0.2928745746612549
0.1658022403717041
0.39649224281311035
0.2928745746612549
0.1658022403717041
0.39649224281311035
0.2928745746612549
0.1658022403717041
0.39649224281311035
0.2928745746612549
0.1658022403717041
0.39649224281311035
0.2928745746612549
0.1658022403717041
0.39670777320861816
0.39649224281311035
0.2928745746612549
0.1658022403717041
0.39670777320861816
0.39649224281311035
0.2928745746612549
0.1658022403717041
0.39670777320861816
0.39649224281311035
0.2928745746612549
0.1658022403717041
0.39670777320861816
0.1735990047454834
0.39649224281311035
0.2928745746612549
0.1658022403717041
0.39670777320861816
0.1735990047454834
0.39649224281311035
0.2928745746612549
0.1658022403717041
0.39670777320861816
0.1735990047454834
0.39649224281311035
0.2928745746612549
0.1658022403717041
0.39670777320861816
0.1735990047454834
0.39649224281311035
0.2928745746612549
0.1658022403717041
0.39670777320861816
0.1735990047454834
0.39649224281311035
0.2928745746612549
0.1658022403717041
0.39670777320861816
0.1735990047454834
0.23711514472961426