0.22079157829284668
0.23107600212097168
0.23307418823242188
0.19159150123596191
0.19901347160339355
0.31404685974121094
0.25945377349853516
0.21042561531066895
0.18718528747558594
0.20663046836853027
0.25655555725097656
0.2767958641052246
0.21507811546325684
0.44109439849853516
0.20885658264160156
0.2919044494628906
0.2775309085845947
0.2028486728668213
0.2335822582244873
0.24232077598571777
0.22258925437927246
0.2603025436401367
0.23200750350952148
0.3100011348724365
0.21721553802490234
0.17724299430847168
0.2740669250488281
0.42612361907958984
0.2309257984161377
0.2147998809814453
0.20639681816101074
0.23105430603027344
0.22794008255004883
0.2060554027557373
0.2599310874938965
0.22490787506103516
0.23114228248596191
0.18416810035705566