0.20048809051513672
0.16689682006835938
0.1689450740814209
0.1713695526123047
0.1722269058227539
0.1771543025970459
0.1620621681213379
0.17714691162109375
0.2009420394897461
0.16686224937438965
0.3421285152435303
0.1778857707977295
0.17765140533447266
0.20796728134155273
0.28971028327941895
0.17560839653015137
0.19076251983642578
0.33542943000793457
0.17022037506103516
0.1970071792602539
0.17995285987854004
0.2240307331085205
0.2457599639892578
0.17566800117492676
0.361957311630249
0.24887728691101074
0.19986486434936523
0.20849156379699707
0.18477392196655273
0.17643523216247559
0.17105627059936523
0.28954005241394043
0.15790414810180664
0.25900888442993164
0.17882609367370605
0.3276693820953369
0.23302888870239258
0.27326369285583496
0.1873159408569336
0.26454663276672363
0.17438173294067383
0.3978748321533203
0.17989850044250488
0.23888754844665527
0.2977006435394287
0.20642852783203125
0.18323445320129395
0.19196510314941406
0.18615269660949707
0.17520546913146973
0.23594450950622559
0.1849658489227295
0.20075631141662598
0.1744372844696045
0.3491239547729492
0.20955181121826172
0.18068265914916992