0.15584874153137207
0.17090630531311035
0.19577312469482422
0.19379973411560059
0.23508143424987793
0.12811923027038574
0.19046783447265625
0.18406105041503906
0.2518925666809082
0.20387744903564453
0.21352028846740723
0.19644522666931152
0.22114205360412598
0.2382676601409912
0.1791696548461914
0.16716861724853516
0.1920626163482666
0.19508934020996094
0.2087419033050537
0.1676492691040039
0.1773228645324707
0.21014976501464844
0.21347260475158691
0.1971724033355713
0.18347716331481934
0.28941798210144043
0.16458654403686523
0.20931005477905273
0.1981503963470459
0.17254018783569336
0.23247289657592773
0.15931248664855957
0.23075008392333984
0.20123052597045898
0.193267822265625
0.20398545265197754
0.1899275779724121
0.20884180068969727
0.2511913776397705
0.2807183265686035
0.2155628204345703
0.17412853240966797
0.21871185302734375
0.18798232078552246
0.14933490753173828
0.15732216835021973
0.1747574806213379
0.19626116752624512
0.2371671199798584
0.1564960479736328
0.17417263984680176