0.1771080493927002
0.2032463550567627
0.28710079193115234
0.229966402053833
0.27217960357666016
0.23585152626037598
0.20258784294128418
0.26216793060302734
0.20133447647094727
0.2030026912689209
0.3304262161254883
0.23617911338806152
0.32508182525634766
0.2539093494415283
0.299731969833374
0.2440049648284912
0.273939847946167
0.2569465637207031
0.2184891700744629
0.30013585090637207
0.25212812423706055
0.22359609603881836
0.21744108200073242
0.18813514709472656
0.2979898452758789
0.29102182388305664
0.25072598457336426
0.16707539558410645
0.2829902172088623
0.20602846145629883
0.2806403636932373
0.18423080444335938
0.2683415412902832
0.24342656135559082
0.18898653984069824
0.21947598457336426
0.17319178581237793
0.29796910285949707
0.24455785751342773
0.23519515991210938
0.2016441822052002
0.24567818641662598
0.20828723907470703
0.2874629497528076
0.28418540954589844
0.27803826332092285
0.24641990661621094
0.22253108024597168
0.28406405448913574
0.40961432456970215
0.25985217094421387
0.2578868865966797
0.21996688842773438
0.2447366714477539
0.28835344314575195
0.2570669651031494
0.2619354724884033
0.2561042308807373
0.2410881519317627
0.21180367469787598
0.2413499355316162
0.25182509422302246
0.21008682250976562
0.22968649864196777
0.21319198608398438
0.22799277305603027
0.28029489517211914
0.21938657760620117
0.25711774826049805
0.25779008865356445
0.19408082962036133
0.2570626735687256
0.23276901245117188
0.23593735694885254
0.2489149570465088
0.3157691955566406
0.2516019344329834
0.23401284217834473
0.25043201446533203
0.29410696029663086
0.2661926746368408
0.28859829902648926
0.2686123847961426
0.21298956871032715
0.22933053970336914
0.23387670516967773
0.18679547309875488
0.21462106704711914
0.2840278148651123
0.2043771743774414
0.2463064193725586
0.22183942794799805
0.21798324584960938
0.2653622627258301
0.19594812393188477
0.29867100715637207
0.2602272033691406
0.2589273452758789
0.1940147876739502
0.24988341331481934
0.21548223495483398
0.22124767303466797
0.22743463516235352
0.2064988613128662
0.24636316299438477
0.26096534729003906
0.18810272216796875
0.18910956382751465
0.24646878242492676
0.35501837730407715
0.1722557544708252
0.25124263763427734
0.23128604888916016
0.24251079559326172
0.25696611404418945
0.25046658515930176
0.2523820400238037
0.21790480613708496
0.2055044174194336
0.21564126014709473
0.2168891429901123
0.25968384742736816
0.21608757972717285
0.21159720420837402
0.18889737129211426
0.23881077766418457
0.2291548252105713
0.20888781547546387
0.2678673267364502
0.2442007064819336
0.254807710647583