0.14170169830322266
0.14170169830322266
0.14172649383544922
0.18889188766479492
0.14170169830322266
0.14172649383544922
0.18889188766479492
0.14170169830322266
0.14172649383544922
0.18889188766479492
0.14170169830322266
0.14172649383544922
0.18889188766479492
0.14170169830322266
0.14172649383544922
0.18889188766479492
0.14170169830322266
0.14172649383544922
0.18889188766479492
1.5131926536560059
0.14170169830322266
0.14172649383544922
0.18889188766479492
1.5131926536560059
0.18175292015075684
0.22968125343322754
0.14170169830322266
0.14172649383544922
0.18889188766479492
1.5131926536560059
0.18175292015075684
0.22968125343322754
0.14170169830322266
0.14172649383544922
0.18889188766479492
1.5131926536560059
0.18175292015075684
0.22968125343322754
0.14170169830322266
0.14172649383544922
0.18889188766479492
1.5131926536560059
0.18175292015075684
0.22968125343322754
0.23731446266174316
0.14170169830322266
0.14172649383544922
0.18889188766479492
1.5131926536560059
0.18175292015075684
0.22968125343322754
0.23731446266174316
0.14170169830322266
0.14172649383544922
0.18889188766479492
1.5131926536560059
0.18175292015075684
0.22968125343322754
0.23731446266174316
0.14170169830322266
0.14172649383544922
0.18889188766479492
1.5131926536560059
0.18175292015075684
0.22968125343322754
0.23731446266174316
0.14170169830322266
0.14172649383544922
0.18889188766479492
1.5131926536560059
0.18175292015075684
0.22968125343322754
0.23731446266174316
0.14170169830322266
0.14172649383544922
0.18889188766479492
1.5131926536560059
0.18175292015075684
0.22968125343322754
0.23731446266174316
0.14170169830322266
0.14172649383544922
0.18889188766479492
1.5131926536560059
0.18175292015075684
0.22968125343322754
0.23731446266174316
0.14170169830322266
0.14172649383544922
0.18889188766479492
1.5131926536560059
0.18175292015075684
0.22968125343322754
0.23731446266174316
0.14170169830322266
0.14172649383544922
0.18889188766479492
1.5131926536560059
0.18175292015075684
0.22968125343322754
0.23731446266174316
0.14170169830322266
0.14172649383544922
0.18889188766479492
1.5131926536560059
0.18175292015075684
0.22968125343322754
0.23731446266174316
0.14170169830322266
0.14172649383544922
0.18889188766479492
1.5131926536560059
0.18175292015075684
0.22968125343322754
0.23731446266174316
0.14170169830322266
0.14172649383544922
0.18889188766479492
1.5131926536560059
0.18175292015075684
0.22968125343322754
0.23731446266174316
0.14170169830322266
0.14172649383544922
0.18889188766479492
1.5131926536560059
0.18175292015075684
0.22968125343322754
0.23731446266174316
0.14170169830322266
0.14172649383544922
0.18889188766479492
1.5131926536560059
0.18175292015075684
0.22968125343322754
0.23731446266174316
0.14170169830322266
0.14172649383544922
0.18889188766479492
1.5131926536560059
0.18175292015075684
0.22968125343322754
0.23731446266174316
0.22982192039489746
0.14170169830322266
0.14172649383544922
0.18889188766479492
1.5131926536560059
0.18175292015075684
0.22968125343322754
0.23731446266174316
0.22982192039489746
0.1575934886932373
0.15763306617736816
0.1657402515411377
0.14170169830322266
0.14172649383544922
0.18889188766479492
1.5131926536560059
0.18175292015075684
0.22968125343322754
0.23731446266174316
0.22982192039489746
0.1575934886932373
0.15763306617736816
0.1657402515411377
0.14170169830322266
0.14172649383544922
0.18889188766479492
1.5131926536560059
0.18175292015075684
0.22968125343322754
0.23731446266174316
0.22982192039489746
0.1575934886932373
0.15763306617736816
0.1657402515411377
0.14170169830322266
0.14172649383544922
0.18889188766479492
1.5131926536560059
0.18175292015075684
0.22968125343322754
0.23731446266174316
0.22982192039489746
0.1575934886932373
0.15763306617736816
0.1657402515411377
0.9594447612762451
0.14170169830322266
0.14172649383544922
0.18889188766479492
1.5131926536560059
0.18175292015075684
0.22968125343322754
0.23731446266174316
0.22982192039489746
0.1575934886932373
0.15763306617736816
0.1657402515411377
0.9594447612762451