0.764622688293457
0.764622688293457
0.764622688293457
0.764622688293457
0.764622688293457
0.764622688293457
0.764622688293457
0.764622688293457
0.764622688293457
0.764622688293457
0.6266491413116455
0.764622688293457
0.6266491413116455
0.764622688293457
0.6266491413116455
0.764622688293457
0.6266491413116455
0.764622688293457
0.6266491413116455
0.764622688293457
0.6266491413116455
0.764622688293457
0.6266491413116455
0.764622688293457
0.6266491413116455
0.764622688293457
0.6266491413116455
0.764622688293457
0.6266491413116455
0.764622688293457
0.6266491413116455
0.764622688293457
0.6266491413116455
0.764622688293457
0.6266491413116455
0.764622688293457
0.6266491413116455
0.764622688293457
0.6266491413116455
0.764622688293457
0.6266491413116455
0.764622688293457
0.6266491413116455
0.764622688293457
0.6266491413116455
0.764622688293457
0.6266491413116455
0.47542428970336914
0.18831205368041992