0.2598559856414795
0.2598559856414795
0.2598559856414795
0.2598559856414795
0.2598559856414795
0.2598559856414795
0.2598559856414795
0.2598559856414795
0.2598559856414795
0.21215319633483887
0.2598559856414795
0.21215319633483887
0.2598559856414795
0.21215319633483887
0.2598559856414795
0.21215319633483887
0.2598559856414795
0.21215319633483887
0.2598559856414795
0.21215319633483887
0.2598559856414795
0.21215319633483887
0.24411869049072266
0.2598559856414795
0.21215319633483887
0.24411869049072266
0.24412298202514648
0.2598559856414795
0.21215319633483887
0.24411869049072266
0.24412298202514648
0.22096681594848633
0.2598559856414795
0.21215319633483887
0.24411869049072266
0.24412298202514648
0.22096681594848633
0.2598559856414795
0.21215319633483887
0.24411869049072266
0.24412298202514648
0.22096681594848633
0.2598559856414795
0.21215319633483887
0.24411869049072266
0.24412298202514648
0.22096681594848633