0.20453691482543945
0.20453691482543945
0.23649168014526367
0.20453691482543945
0.23649168014526367
0.20453691482543945
0.23649168014526367
0.20453691482543945
0.23649168014526367
0.20453691482543945
0.23649168014526367
0.6817812919616699
0.20453691482543945
0.23649168014526367
0.6817812919616699
0.20453691482543945
0.23649168014526367
0.6817812919616699
0.41998744010925293
0.20453691482543945
0.23649168014526367
0.6817812919616699
0.41998744010925293
0.17272090911865234
0.20453691482543945
0.23649168014526367
0.6817812919616699
0.41998744010925293
0.17272090911865234
0.23631906509399414
0.20453691482543945
0.23649168014526367
0.6817812919616699
0.41998744010925293
0.17272090911865234
0.23631906509399414
0.20453691482543945
0.23649168014526367
0.6817812919616699
0.41998744010925293
0.17272090911865234
0.23631906509399414
0.20453691482543945
0.23649168014526367
0.6817812919616699
0.41998744010925293
0.17272090911865234
0.23631906509399414
0.20453691482543945
0.23649168014526367
0.6817812919616699
0.41998744010925293
0.17272090911865234
0.23631906509399414
0.20453691482543945
0.23649168014526367
0.6817812919616699
0.41998744010925293
0.17272090911865234
0.23631906509399414
1.241180419921875
0.2685391902923584
0.2607247829437256
0.20453691482543945
0.23649168014526367
0.6817812919616699
0.41998744010925293
0.17272090911865234
0.23631906509399414
1.241180419921875
0.2685391902923584
0.2607247829437256
0.20453691482543945
0.23649168014526367
0.6817812919616699
0.41998744010925293
0.17272090911865234
0.23631906509399414
1.241180419921875
0.2685391902923584
0.2607247829437256
0.22056293487548828
0.2683894634246826
0.20453691482543945
0.23649168014526367
0.6817812919616699
0.41998744010925293
0.17272090911865234
0.23631906509399414
1.241180419921875
0.2685391902923584
0.2607247829437256
0.22056293487548828
0.2683894634246826
0.20453691482543945
0.23649168014526367
0.6817812919616699
0.41998744010925293
0.17272090911865234
0.23631906509399414
1.241180419921875
0.2685391902923584
0.2607247829437256
0.22056293487548828
0.2683894634246826
0.20453691482543945
0.23649168014526367
0.6817812919616699
0.41998744010925293
0.17272090911865234
0.23631906509399414
1.241180419921875
0.2685391902923584
0.2607247829437256
0.22056293487548828
0.2683894634246826
0.20453691482543945
0.23649168014526367
0.6817812919616699
0.41998744010925293
0.17272090911865234
0.23631906509399414
1.241180419921875
0.2685391902923584
0.2607247829437256
0.22056293487548828
0.2683894634246826
0.18071889877319336
0.20453691482543945
0.23649168014526367
0.6817812919616699
0.41998744010925293
0.17272090911865234
0.23631906509399414
1.241180419921875
0.2685391902923584
0.2607247829437256
0.22056293487548828
0.2683894634246826
0.18071889877319336
0.22859859466552734
0.18137764930725098
0.20453691482543945
0.23649168014526367
0.6817812919616699
0.41998744010925293
0.17272090911865234
0.23631906509399414
1.241180419921875
0.2685391902923584
0.2607247829437256
0.22056293487548828
0.2683894634246826
0.18071889877319336
0.22859859466552734
0.18137764930725098
0.21261286735534668
0.20453691482543945
0.23649168014526367
0.6817812919616699
0.41998744010925293
0.17272090911865234
0.23631906509399414
1.241180419921875
0.2685391902923584
0.2607247829437256
0.22056293487548828
0.2683894634246826
0.18071889877319336
0.22859859466552734
0.18137764930725098
0.21261286735534668
0.20453691482543945
0.23649168014526367
0.6817812919616699
0.41998744010925293
0.17272090911865234
0.23631906509399414
1.241180419921875
0.2685391902923584
0.2607247829437256
0.22056293487548828
0.2683894634246826
0.18071889877319336
0.22859859466552734
0.18137764930725098
0.21261286735534668
0.20453691482543945
0.23649168014526367
0.6817812919616699
0.41998744010925293
0.17272090911865234
0.23631906509399414
1.241180419921875
0.2685391902923584
0.2607247829437256
0.22056293487548828
0.2683894634246826
0.18071889877319336
0.22859859466552734
0.18137764930725098
0.21261286735534668
0.20453691482543945
0.23649168014526367
0.6817812919616699
0.41998744010925293
0.17272090911865234
0.23631906509399414
1.241180419921875
0.2685391902923584
0.2607247829437256
0.22056293487548828
0.2683894634246826
0.18071889877319336
0.22859859466552734
0.18137764930725098
0.21261286735534668
0.20453691482543945
0.23649168014526367
0.6817812919616699
0.41998744010925293
0.17272090911865234
0.23631906509399414
1.241180419921875
0.2685391902923584
0.2607247829437256
0.22056293487548828
0.2683894634246826
0.18071889877319336
0.22859859466552734
0.18137764930725098
0.21261286735534668
0.20453691482543945
0.23649168014526367
0.6817812919616699
0.41998744010925293
0.17272090911865234
0.23631906509399414
1.241180419921875
0.2685391902923584
0.2607247829437256
0.22056293487548828
0.2683894634246826
0.18071889877319336
0.22859859466552734
0.18137764930725098
0.21261286735534668