0.2841014862060547
0.2841014862060547
0.2841014862060547
0.2841014862060547
0.2841014862060547
0.2841014862060547
0.2841014862060547
0.2841014862060547
0.2841014862060547
0.2841014862060547
0.2841014862060547
0.2841014862060547
0.2841014862060547
0.2841014862060547
0.2841014862060547
0.2841014862060547
0.2841014862060547
0.2841014862060547
0.2841014862060547
0.2841014862060547
0.2841014862060547
0.2841014862060547
0.2841014862060547
0.2841014862060547
0.2841014862060547
0.2841014862060547
0.2841014862060547
0.2841014862060547
0.2841014862060547