0.31604480743408203
0.31604480743408203
0.31604480743408203
0.31604480743408203
0.31604480743408203
0.31604480743408203
0.31604480743408203
0.31604480743408203
0.31604480743408203
0.31604480743408203
0.31604480743408203
0.31604480743408203
0.31604480743408203
0.31604480743408203
0.38057732582092285
0.31604480743408203
0.38057732582092285
0.31604480743408203
0.38057732582092285
0.31604480743408203
0.38057732582092285
0.31604480743408203
0.38057732582092285
0.31604480743408203
0.38057732582092285
0.31604480743408203
0.38057732582092285
0.31604480743408203
0.38057732582092285
0.31604480743408203
0.38057732582092285
0.31604480743408203
0.38057732582092285
0.31604480743408203
0.38057732582092285
0.31604480743408203
0.38057732582092285
0.31604480743408203
0.38057732582092285
1.4266362190246582
0.31604480743408203
0.38057732582092285
1.4266362190246582
0.31604480743408203
0.38057732582092285
1.4266362190246582
0.31604480743408203
0.38057732582092285
1.4266362190246582
0.31604480743408203
0.38057732582092285
1.4266362190246582