0.5311691761016846
0.5311691761016846
0.5311691761016846
0.24207329750061035
0.5311691761016846
0.24207329750061035
0.22585105895996094
0.21808099746704102
0.5311691761016846
0.24207329750061035
0.22585105895996094
0.21808099746704102
0.5311691761016846
0.24207329750061035
0.22585105895996094
0.21808099746704102
0.23586726188659668
0.5311691761016846
0.24207329750061035
0.22585105895996094
0.21808099746704102
0.23586726188659668
0.5311691761016846
0.24207329750061035
0.22585105895996094
0.21808099746704102
0.23586726188659668
0.5311691761016846
0.24207329750061035
0.22585105895996094
0.21808099746704102
0.23586726188659668
0.250255823135376
0.273975133895874
0.5311691761016846
0.24207329750061035
0.22585105895996094
0.21808099746704102
0.23586726188659668
0.250255823135376
0.273975133895874
0.22598814964294434
0.5311691761016846
0.24207329750061035
0.22585105895996094
0.21808099746704102
0.23586726188659668
0.250255823135376
0.273975133895874
0.22598814964294434
0.5311691761016846
0.24207329750061035
0.22585105895996094
0.21808099746704102
0.23586726188659668
0.250255823135376
0.273975133895874
0.22598814964294434