0.19561529159545898
0.19561529159545898
0.19561529159545898
0.19561529159545898
0.19561529159545898
0.19561529159545898
0.19561529159545898
0.19561529159545898
0.19561529159545898
0.19561529159545898
0.19561529159545898
0.19561529159545898
0.19561529159545898
0.19561529159545898
0.19561529159545898
0.19561529159545898
0.19561529159545898
0.19561529159545898
0.19561529159545898
0.19561529159545898
0.19561529159545898
0.19561529159545898
0.19561529159545898
0.19561529159545898
0.19561529159545898
0.19561529159545898
0.19561529159545898
0.19561529159545898
0.19561529159545898
0.19561529159545898