0.7930567264556885
0.7930567264556885
0.7930567264556885
0.8768846988677979
0.7930567264556885
0.8768846988677979
0.7930567264556885
0.8768846988677979
0.7930567264556885
0.8768846988677979
0.21908950805664062
0.7930567264556885
0.8768846988677979
0.21908950805664062
0.593510627746582
0.2749912738800049
0.7930567264556885
0.8768846988677979
0.21908950805664062
0.593510627746582
0.2749912738800049
0.7930567264556885
0.8768846988677979
0.21908950805664062
0.593510627746582
0.2749912738800049
0.7930567264556885
0.8768846988677979
0.21908950805664062
0.593510627746582
0.2749912738800049
0.7930567264556885
0.8768846988677979
0.21908950805664062
0.593510627746582
0.2749912738800049
0.7930567264556885
0.8768846988677979
0.21908950805664062
0.593510627746582
0.2749912738800049
0.7930567264556885
0.8768846988677979
0.21908950805664062
0.593510627746582
0.2749912738800049
0.7930567264556885
0.8768846988677979
0.21908950805664062
0.593510627746582
0.2749912738800049
0.7930567264556885
0.8768846988677979
0.21908950805664062
0.593510627746582
0.2749912738800049
0.7930567264556885
0.8768846988677979
0.21908950805664062
0.593510627746582
0.2749912738800049
0.7930567264556885
0.8768846988677979
0.21908950805664062
0.593510627746582
0.2749912738800049
0.7930567264556885
0.8768846988677979
0.21908950805664062
0.593510627746582
0.2749912738800049
0.7930567264556885
0.8768846988677979
0.21908950805664062
0.593510627746582
0.2749912738800049
0.7930567264556885
0.8768846988677979
0.21908950805664062
0.593510627746582
0.2749912738800049
0.7930567264556885
0.8768846988677979
0.21908950805664062
0.593510627746582
0.2749912738800049
0.7930567264556885
0.8768846988677979
0.21908950805664062
0.593510627746582
0.2749912738800049
0.7930567264556885
0.8768846988677979
0.21908950805664062
0.593510627746582
0.2749912738800049
0.7930567264556885
0.8768846988677979
0.21908950805664062
0.593510627746582
0.2749912738800049
0.2111494541168213
0.7930567264556885
0.8768846988677979
0.21908950805664062
0.593510627746582
0.2749912738800049
0.2111494541168213
0.7930567264556885
0.8768846988677979
0.21908950805664062
0.593510627746582
0.2749912738800049
0.2111494541168213
0.7930567264556885
0.8768846988677979
0.21908950805664062
0.593510627746582
0.2749912738800049
0.2111494541168213
0.7930567264556885
0.8768846988677979
0.21908950805664062
0.593510627746582
0.2749912738800049
0.2111494541168213
0.7930567264556885
0.8768846988677979
0.21908950805664062
0.593510627746582
0.2749912738800049
0.2111494541168213