0.20305299758911133
0.20305299758911133
0.20305299758911133
0.20305299758911133
0.20305299758911133
0.20305299758911133
0.20305299758911133
0.20305299758911133
0.25906968116760254
0.20305299758911133
0.25906968116760254
0.2833583354949951
0.20305299758911133
0.25906968116760254
0.2833583354949951
0.2668640613555908
0.20305299758911133
0.25906968116760254
0.2833583354949951
0.2668640613555908
0.18708348274230957
0.20305299758911133
0.25906968116760254
0.2833583354949951
0.2668640613555908
0.18708348274230957
0.41048431396484375
0.22710108757019043
0.20305299758911133
0.25906968116760254
0.2833583354949951
0.2668640613555908
0.18708348274230957
0.41048431396484375
0.22710108757019043
0.2505948543548584
0.20305299758911133
0.25906968116760254
0.2833583354949951
0.2668640613555908
0.18708348274230957
0.41048431396484375
0.22710108757019043
0.2505948543548584
1.0231599807739258
0.20305299758911133
0.25906968116760254
0.2833583354949951
0.2668640613555908
0.18708348274230957
0.41048431396484375
0.22710108757019043
0.2505948543548584
1.0231599807739258
0.20305299758911133
0.25906968116760254
0.2833583354949951
0.2668640613555908
0.18708348274230957
0.41048431396484375
0.22710108757019043
0.2505948543548584
1.0231599807739258
0.20305299758911133
0.25906968116760254
0.2833583354949951
0.2668640613555908
0.18708348274230957
0.41048431396484375
0.22710108757019043
0.2505948543548584
1.0231599807739258
0.20305299758911133
0.25906968116760254
0.2833583354949951
0.2668640613555908
0.18708348274230957
0.41048431396484375
0.22710108757019043
0.2505948543548584
1.0231599807739258
0.2194514274597168
0.20305299758911133
0.25906968116760254
0.2833583354949951
0.2668640613555908
0.18708348274230957
0.41048431396484375
0.22710108757019043
0.2505948543548584
1.0231599807739258
0.2194514274597168
0.29901599884033203
0.20305299758911133
0.25906968116760254
0.2833583354949951
0.2668640613555908
0.18708348274230957
0.41048431396484375
0.22710108757019043
0.2505948543548584
1.0231599807739258
0.2194514274597168
0.29901599884033203
0.20305299758911133
0.25906968116760254
0.2833583354949951
0.2668640613555908
0.18708348274230957
0.41048431396484375
0.22710108757019043
0.2505948543548584
1.0231599807739258
0.2194514274597168
0.29901599884033203
0.20305299758911133
0.25906968116760254
0.2833583354949951
0.2668640613555908
0.18708348274230957
0.41048431396484375
0.22710108757019043
0.2505948543548584
1.0231599807739258
0.2194514274597168
0.29901599884033203
0.20305299758911133
0.25906968116760254
0.2833583354949951
0.2668640613555908
0.18708348274230957
0.41048431396484375
0.22710108757019043
0.2505948543548584
1.0231599807739258
0.2194514274597168
0.29901599884033203
0.20305299758911133
0.25906968116760254
0.2833583354949951
0.2668640613555908
0.18708348274230957
0.41048431396484375
0.22710108757019043
0.2505948543548584
1.0231599807739258
0.2194514274597168
0.29901599884033203
0.20305299758911133
0.25906968116760254
0.2833583354949951
0.2668640613555908
0.18708348274230957
0.41048431396484375
0.22710108757019043
0.2505948543548584
1.0231599807739258
0.2194514274597168
0.29901599884033203
0.20305299758911133
0.25906968116760254
0.2833583354949951
0.2668640613555908
0.18708348274230957
0.41048431396484375
0.22710108757019043
0.2505948543548584
1.0231599807739258
0.2194514274597168
0.29901599884033203
0.5542275905609131
0.20305299758911133
0.25906968116760254
0.2833583354949951
0.2668640613555908
0.18708348274230957
0.41048431396484375
0.22710108757019043
0.2505948543548584
1.0231599807739258
0.2194514274597168
0.29901599884033203
0.5542275905609131