0.6028895378112793
0.6028895378112793
0.6028895378112793
0.5786466598510742
0.6028895378112793
0.5786466598510742
0.6028895378112793
0.5786466598510742
0.5145347118377686
0.6028895378112793
0.5786466598510742
0.5145347118377686
0.6028895378112793
0.5786466598510742
0.5145347118377686
0.6028895378112793
0.5786466598510742
0.5145347118377686
0.6028895378112793
0.5786466598510742
0.5145347118377686
0.6028895378112793
0.5786466598510742
0.5145347118377686
0.6028895378112793
0.5786466598510742
0.5145347118377686
0.6028895378112793
0.5786466598510742
0.5145347118377686
0.6028895378112793
0.5786466598510742
0.5145347118377686
0.6028895378112793
0.5786466598510742
0.5145347118377686
0.6028895378112793
0.5786466598510742
0.5145347118377686