0.24478983879089355
0.24557900428771973
0.26302433013916016
0.2550241947174072
0.2886836528778076
0.26586008071899414
0.30194830894470215
0.2530176639556885
0.2531464099884033
0.26482152938842773
0.24987554550170898
0.2678830623626709
0.25345921516418457
0.526341438293457
0.24404644966125488
0.5841989517211914
0.5398170948028564
0.24562621116638184
0.25391221046447754
0.2837977409362793
0.25894832611083984
0.26421618461608887
0.4398362636566162
0.2520253658294678
0.238234281539917
0.22586822509765625
0.27300477027893066
0.23340058326721191
0.2895321846008301
0.2685842514038086
0.26245594024658203
0.19637370109558105
0.2380669116973877
0.2591521739959717
0.25760483741760254