0.26062512397766113
0.26062512397766113
0.26062512397766113
0.26062512397766113
0.26062512397766113
0.26062512397766113
0.26062512397766113
0.26062512397766113
0.26062512397766113
0.26062512397766113
0.26062512397766113
0.26062512397766113
0.26062512397766113
0.26062512397766113
0.26062512397766113
0.26062512397766113
0.26062512397766113
0.26062512397766113
0.26062512397766113
0.26062512397766113
0.26062512397766113
0.26062512397766113
0.26062512397766113
0.26062512397766113
0.26062512397766113
0.26062512397766113
0.26062512397766113
0.26062512397766113
0.26062512397766113