0.2658419609069824
0.2658419609069824
0.2658419609069824
0.2658419609069824
0.2658419609069824
0.2537693977355957
0.2658419609069824
0.2537693977355957
0.2658419609069824
0.2537693977355957
0.2658419609069824
0.2537693977355957
0.2658419609069824
0.2537693977355957
0.2658419609069824
0.2537693977355957
0.2658419609069824
0.2537693977355957
0.2658419609069824
0.2537693977355957
0.2658419609069824
0.2537693977355957
0.44523000717163086
0.2658419609069824
0.2537693977355957
0.44523000717163086
0.2658419609069824
0.2537693977355957
0.44523000717163086
0.2658419609069824
0.2537693977355957
0.44523000717163086
0.2658419609069824
0.2537693977355957
0.44523000717163086
0.2658419609069824
0.2537693977355957
0.44523000717163086
0.28601932525634766
0.2658419609069824
0.2537693977355957
0.44523000717163086
0.28601932525634766
0.2658419609069824
0.2537693977355957
0.44523000717163086
0.28601932525634766
0.2658419609069824
0.2537693977355957
0.44523000717163086
0.28601932525634766
0.2658419609069824
0.2537693977355957
0.44523000717163086
0.28601932525634766
0.2658419609069824
0.2537693977355957
0.44523000717163086
0.28601932525634766
0.2658419609069824
0.2537693977355957
0.44523000717163086
0.28601932525634766
0.2658419609069824
0.2537693977355957
0.44523000717163086
0.28601932525634766
0.2658419609069824
0.2537693977355957
0.44523000717163086
0.28601932525634766
0.2658419609069824
0.2537693977355957
0.44523000717163086
0.28601932525634766
0.2658419609069824
0.2537693977355957
0.44523000717163086
0.28601932525634766
0.2658419609069824
0.2537693977355957
0.44523000717163086
0.28601932525634766