0.12086868286132812
0.32095885276794434
0.2779242992401123
0.26602959632873535
0.29001593589782715
0.31439805030822754
0.27242231369018555
0.4010655879974365
0.1367814540863037
0.1660773754119873
0.32810282707214355
0.29101061820983887
0.2563002109527588
0.2811472415924072
0.19400286674499512
0.27579784393310547
0.3091599941253662
0.31004762649536133
0.2830791473388672
0.2640352249145508
0.26500940322875977
0.26820802688598633
0.22110700607299805
0.5350205898284912
0.2753641605377197
0.3021204471588135
0.28038859367370605
0.29324889183044434
0.29787445068359375
0.32178473472595215
0.3839900493621826
0.26343202590942383
0.25991129875183105
0.3921382427215576
0.29976987838745117
0.2716064453125
0.47896766662597656
0.31555628776550293
0.37674975395202637
0.311004638671875
0.26263999938964844
0.3815152645111084
0.2991943359375
0.3020293712615967
0.2614321708679199
0.2982311248779297
0.3348994255065918
0.339322566986084
0.3437662124633789
0.28185224533081055
0.2619504928588867
0.2694246768951416
0.33443617820739746
0.3247392177581787
0.2699131965637207