0.2407851219177246
0.24307036399841309
0.2888450622558594
0.2661409378051758
0.25194883346557617
0.27599358558654785
0.30706310272216797
0.410412073135376
0.28150320053100586
0.24686598777770996
0.3187108039855957
0.26454687118530273
0.27493929862976074
0.340517520904541
0.2553591728210449
0.28389954566955566
0.25531840324401855
0.2355203628540039
0.26870203018188477
0.2950754165649414
0.2501096725463867
0.2338550090789795
0.2367105484008789
0.2503948211669922
0.249983549118042
0.29481029510498047
0.261211633682251
0.27576518058776855
0.22414636611938477
0.3617227077484131
0.22687435150146484
0.247969388961792
0.2518899440765381
0.28011322021484375
0.24281644821166992
0.48624229431152344
0.32103538513183594
0.2433774471282959
0.24405860900878906
0.33136463165283203
0.2573056221008301
0.2488260269165039
0.22138714790344238
0.2881450653076172
0.24751663208007812
0.2458205223083496
0.26743221282958984
0.2599477767944336
0.24306106567382812
0.24413013458251953
0.23297882080078125
0.24797296524047852
0.23331451416015625
0.21738934516906738
0.21198701858520508