0.2518744468688965
0.24422383308410645
0.2518744468688965
0.24422383308410645
0.2518744468688965
0.24422383308410645
0.2678377628326416
0.2518744468688965
0.24422383308410645
0.2678377628326416
0.2518744468688965
0.24422383308410645
0.2678377628326416
0.2518744468688965
0.24422383308410645
0.2678377628326416
0.2518744468688965
0.24422383308410645
0.2678377628326416
0.2518744468688965
0.24422383308410645
0.2678377628326416
0.2518744468688965
0.24422383308410645
0.2678377628326416
0.2518744468688965
0.24422383308410645
0.2678377628326416
0.17997193336486816
0.2518744468688965
0.24422383308410645
0.2678377628326416
0.17997193336486816
0.2518744468688965
0.24422383308410645
0.2678377628326416
0.17997193336486816
0.2838265895843506
0.2518744468688965
0.24422383308410645
0.2678377628326416
0.17997193336486816
0.2838265895843506
0.2518744468688965
0.24422383308410645
0.2678377628326416
0.17997193336486816
0.2838265895843506
0.2518744468688965
0.24422383308410645
0.2678377628326416
0.17997193336486816
0.2838265895843506
0.2518744468688965
0.24422383308410645
0.2678377628326416
0.17997193336486816
0.2838265895843506
0.2518744468688965
0.24422383308410645
0.2678377628326416
0.17997193336486816
0.2838265895843506
0.2518744468688965
0.24422383308410645
0.2678377628326416
0.17997193336486816
0.2838265895843506
0.22005867958068848
0.2518744468688965
0.24422383308410645
0.2678377628326416
0.17997193336486816
0.2838265895843506
0.22005867958068848
0.2518744468688965
0.24422383308410645
0.2678377628326416
0.17997193336486816
0.2838265895843506
0.22005867958068848
0.2518744468688965
0.24422383308410645
0.2678377628326416
0.17997193336486816
0.2838265895843506
0.22005867958068848
0.2518744468688965
0.24422383308410645
0.2678377628326416
0.17997193336486816
0.2838265895843506
0.22005867958068848
0.2518744468688965
0.24422383308410645
0.2678377628326416
0.17997193336486816
0.2838265895843506
0.22005867958068848
0.2518744468688965
0.24422383308410645
0.2678377628326416
0.17997193336486816
0.2838265895843506
0.22005867958068848
0.2518744468688965
0.24422383308410645
0.2678377628326416
0.17997193336486816
0.2838265895843506
0.22005867958068848
0.2518744468688965
0.24422383308410645
0.2678377628326416
0.17997193336486816
0.2838265895843506
0.22005867958068848
0.2518744468688965
0.24422383308410645
0.2678377628326416
0.17997193336486816
0.2838265895843506
0.22005867958068848
0.2518744468688965
0.24422383308410645
0.2678377628326416
0.17997193336486816
0.2838265895843506
0.22005867958068848