0.23558449745178223
0.23558449745178223
0.23558449745178223
0.34705400466918945
0.23558449745178223
0.34705400466918945
0.2836892604827881
0.28289365768432617
0.23558449745178223
0.34705400466918945
0.2836892604827881
0.28289365768432617
0.33103299140930176
0.23558449745178223
0.34705400466918945
0.2836892604827881
0.28289365768432617
0.33103299140930176
0.23558449745178223
0.34705400466918945
0.2836892604827881
0.28289365768432617
0.33103299140930176
0.23558449745178223
0.34705400466918945
0.2836892604827881
0.28289365768432617
0.33103299140930176
1.0894010066986084
0.24387073516845703
0.23558449745178223
0.34705400466918945
0.2836892604827881
0.28289365768432617
0.33103299140930176
1.0894010066986084
0.24387073516845703
0.23558449745178223
0.34705400466918945
0.2836892604827881
0.28289365768432617
0.33103299140930176
1.0894010066986084
0.24387073516845703
0.23558449745178223
0.34705400466918945
0.2836892604827881
0.28289365768432617
0.33103299140930176
1.0894010066986084
0.24387073516845703
0.23558449745178223
0.34705400466918945
0.2836892604827881
0.28289365768432617
0.33103299140930176
1.0894010066986084
0.24387073516845703
0.24342632293701172
0.23558449745178223
0.34705400466918945
0.2836892604827881
0.28289365768432617
0.33103299140930176
1.0894010066986084
0.24387073516845703
0.24342632293701172
0.23558449745178223
0.34705400466918945
0.2836892604827881
0.28289365768432617
0.33103299140930176
1.0894010066986084
0.24387073516845703
0.24342632293701172
0.466933012008667
0.23558449745178223
0.34705400466918945
0.2836892604827881
0.28289365768432617
0.33103299140930176
1.0894010066986084
0.24387073516845703
0.24342632293701172
0.466933012008667
0.23558449745178223
0.34705400466918945
0.2836892604827881
0.28289365768432617
0.33103299140930176
1.0894010066986084
0.24387073516845703
0.24342632293701172
0.466933012008667
0.745861291885376
0.23558449745178223
0.34705400466918945
0.2836892604827881
0.28289365768432617
0.33103299140930176
1.0894010066986084
0.24387073516845703
0.24342632293701172
0.466933012008667
0.745861291885376
0.23558449745178223
0.34705400466918945
0.2836892604827881
0.28289365768432617
0.33103299140930176
1.0894010066986084
0.24387073516845703
0.24342632293701172
0.466933012008667
0.745861291885376
0.5227303504943848
0.23558449745178223
0.34705400466918945
0.2836892604827881
0.28289365768432617
0.33103299140930176
1.0894010066986084
0.24387073516845703
0.24342632293701172
0.466933012008667
0.745861291885376
0.5227303504943848
0.23558449745178223
0.34705400466918945
0.2836892604827881
0.28289365768432617
0.33103299140930176
1.0894010066986084
0.24387073516845703
0.24342632293701172
0.466933012008667
0.745861291885376
0.5227303504943848
0.23558449745178223
0.34705400466918945
0.2836892604827881
0.28289365768432617
0.33103299140930176
1.0894010066986084
0.24387073516845703
0.24342632293701172
0.466933012008667
0.745861291885376
0.5227303504943848
0.23558449745178223
0.34705400466918945
0.2836892604827881
0.28289365768432617
0.33103299140930176
1.0894010066986084
0.24387073516845703
0.24342632293701172
0.466933012008667
0.745861291885376
0.5227303504943848