0.2265620231628418
0.2265620231628418
0.20269560813903809
0.2744576930999756
0.18661093711853027
0.2265620231628418
0.20269560813903809
0.2744576930999756
0.18661093711853027
0.2265620231628418
0.20269560813903809
0.2744576930999756
0.18661093711853027
0.2265620231628418
0.20269560813903809
0.2744576930999756
0.18661093711853027
0.18664002418518066
0.22546815872192383
0.25174760818481445
0.2265620231628418
0.20269560813903809
0.2744576930999756
0.18661093711853027
0.18664002418518066
0.22546815872192383
0.25174760818481445
0.2265620231628418
0.20269560813903809
0.2744576930999756
0.18661093711853027
0.18664002418518066
0.22546815872192383
0.25174760818481445
0.2265620231628418
0.20269560813903809
0.2744576930999756
0.18661093711853027
0.18664002418518066
0.22546815872192383
0.25174760818481445
0.2265620231628418
0.20269560813903809
0.2744576930999756
0.18661093711853027
0.18664002418518066
0.22546815872192383
0.25174760818481445
0.14673519134521484
0.2265620231628418
0.20269560813903809
0.2744576930999756
0.18661093711853027
0.18664002418518066
0.22546815872192383
0.25174760818481445
0.14673519134521484
0.3859572410583496
0.16418242454528809
0.2265620231628418
0.20269560813903809
0.2744576930999756
0.18661093711853027
0.18664002418518066
0.22546815872192383
0.25174760818481445
0.14673519134521484
0.3859572410583496
0.16418242454528809
0.2265620231628418
0.20269560813903809
0.2744576930999756
0.18661093711853027
0.18664002418518066
0.22546815872192383
0.25174760818481445
0.14673519134521484
0.3859572410583496
0.16418242454528809
0.2265620231628418
0.20269560813903809
0.2744576930999756
0.18661093711853027
0.18664002418518066
0.22546815872192383
0.25174760818481445
0.14673519134521484
0.3859572410583496
0.16418242454528809
0.2265620231628418
0.20269560813903809
0.2744576930999756
0.18661093711853027
0.18664002418518066
0.22546815872192383
0.25174760818481445
0.14673519134521484
0.3859572410583496
0.16418242454528809
0.2265620231628418
0.20269560813903809
0.2744576930999756
0.18661093711853027
0.18664002418518066
0.22546815872192383
0.25174760818481445
0.14673519134521484
0.3859572410583496
0.16418242454528809
0.2265620231628418
0.20269560813903809
0.2744576930999756
0.18661093711853027
0.18664002418518066
0.22546815872192383
0.25174760818481445
0.14673519134521484
0.3859572410583496
0.16418242454528809
0.202667236328125
0.2265620231628418
0.20269560813903809
0.2744576930999756
0.18661093711853027
0.18664002418518066
0.22546815872192383
0.25174760818481445
0.14673519134521484
0.3859572410583496
0.16418242454528809
0.202667236328125
0.2265620231628418
0.20269560813903809
0.2744576930999756
0.18661093711853027
0.18664002418518066
0.22546815872192383
0.25174760818481445
0.14673519134521484
0.3859572410583496
0.16418242454528809
0.202667236328125
0.3133962154388428
0.2265620231628418
0.20269560813903809
0.2744576930999756
0.18661093711853027
0.18664002418518066
0.22546815872192383
0.25174760818481445
0.14673519134521484
0.3859572410583496
0.16418242454528809
0.202667236328125
0.3133962154388428
0.3530271053314209
0.2265620231628418
0.20269560813903809
0.2744576930999756
0.18661093711853027
0.18664002418518066
0.22546815872192383
0.25174760818481445
0.14673519134521484
0.3859572410583496
0.16418242454528809
0.202667236328125
0.3133962154388428
0.3530271053314209
0.2187366485595703
0.2425527572631836
0.2265620231628418
0.20269560813903809
0.2744576930999756
0.18661093711853027
0.18664002418518066
0.22546815872192383
0.25174760818481445
0.14673519134521484
0.3859572410583496
0.16418242454528809
0.202667236328125
0.3133962154388428
0.3530271053314209
0.2187366485595703
0.2425527572631836
0.25859975814819336
0.25848817825317383
0.2265620231628418
0.20269560813903809
0.2744576930999756
0.18661093711853027
0.18664002418518066
0.22546815872192383
0.25174760818481445
0.14673519134521484
0.3859572410583496
0.16418242454528809
0.202667236328125
0.3133962154388428
0.3530271053314209
0.2187366485595703
0.2425527572631836
0.25859975814819336
0.25848817825317383
0.24284577369689941
0.2265620231628418
0.20269560813903809
0.2744576930999756
0.18661093711853027
0.18664002418518066
0.22546815872192383
0.25174760818481445
0.14673519134521484
0.3859572410583496
0.16418242454528809
0.202667236328125
0.3133962154388428
0.3530271053314209
0.2187366485595703
0.2425527572631836
0.25859975814819336
0.25848817825317383
0.24284577369689941
0.48199963569641113
0.25047826766967773
0.2265620231628418
0.20269560813903809
0.2744576930999756
0.18661093711853027
0.18664002418518066
0.22546815872192383
0.25174760818481445
0.14673519134521484
0.3859572410583496
0.16418242454528809
0.202667236328125
0.3133962154388428
0.3530271053314209
0.2187366485595703
0.2425527572631836
0.25859975814819336
0.25848817825317383
0.24284577369689941
0.48199963569641113
0.25047826766967773
0.20951271057128906
0.2265620231628418
0.20269560813903809
0.2744576930999756
0.18661093711853027
0.18664002418518066
0.22546815872192383
0.25174760818481445
0.14673519134521484
0.3859572410583496
0.16418242454528809
0.202667236328125
0.3133962154388428
0.3530271053314209
0.2187366485595703
0.2425527572631836
0.25859975814819336
0.25848817825317383
0.24284577369689941
0.48199963569641113
0.25047826766967773
0.20951271057128906
0.2265620231628418
0.20269560813903809
0.2744576930999756
0.18661093711853027
0.18664002418518066
0.22546815872192383
0.25174760818481445
0.14673519134521484
0.3859572410583496
0.16418242454528809
0.202667236328125
0.3133962154388428
0.3530271053314209
0.2187366485595703
0.2425527572631836
0.25859975814819336
0.25848817825317383
0.24284577369689941
0.48199963569641113
0.25047826766967773
0.20951271057128906
0.21088218688964844
0.29885149002075195
0.2265620231628418
0.20269560813903809
0.2744576930999756
0.18661093711853027
0.18664002418518066
0.22546815872192383
0.25174760818481445
0.14673519134521484
0.3859572410583496
0.16418242454528809
0.202667236328125
0.3133962154388428
0.3530271053314209
0.2187366485595703
0.2425527572631836
0.25859975814819336
0.25848817825317383
0.24284577369689941
0.48199963569641113
0.25047826766967773
0.20951271057128906
0.21088218688964844
0.29885149002075195
0.23363590240478516
0.2298576831817627
0.2265620231628418
0.20269560813903809
0.2744576930999756
0.18661093711853027
0.18664002418518066
0.22546815872192383
0.25174760818481445
0.14673519134521484
0.3859572410583496
0.16418242454528809
0.202667236328125
0.3133962154388428
0.3530271053314209
0.2187366485595703
0.2425527572631836
0.25859975814819336
0.25848817825317383
0.24284577369689941
0.48199963569641113
0.25047826766967773
0.20951271057128906
0.21088218688964844
0.29885149002075195
0.23363590240478516
0.2298576831817627
0.23465704917907715
0.21877527236938477