0.3168020248413086
0.331981897354126
0.4089670181274414
0.14628076553344727
0.22489714622497559
0.2374861240386963
0.19322848320007324
0.40727925300598145
0.15459799766540527
0.2042255401611328
0.28979945182800293
0.5830178260803223
0.312286376953125
0.463763952255249
0.26249027252197266
0.4553968906402588
0.20288968086242676
0.24058270454406738
0.16531872749328613
0.2923088073730469
0.33299684524536133
0.5818758010864258
0.3072686195373535
0.3726625442504883
0.25000548362731934
0.23731708526611328
0.45727014541625977
0.33388209342956543
0.5522630214691162
0.2192842960357666
0.41777992248535156