0.23573017120361328
0.1893918514251709
0.31806421279907227
0.15329384803771973
0.3359081745147705
0.6359336376190186
0.1842648983001709
0.17203879356384277
0.20614314079284668
0.703988790512085
0.16797661781311035
0.8232545852661133
0.35474276542663574
0.203413724899292
0.18390107154846191
0.24903273582458496
0.22177386283874512
0.2579615116119385
0.17713284492492676
0.23792338371276855
0.21703124046325684
0.2561941146850586
0.2859010696411133
0.5961735248565674
0.22307991981506348
0.317699670791626
0.2276322841644287
0.1726245880126953
0.23177218437194824
0.5360174179077148
0.2725231647491455
0.18996620178222656
0.22701144218444824
0.29584813117980957