0.14081382751464844
0.2529568672180176
0.14081382751464844
0.2529568672180176
0.14081382751464844
0.2529568672180176
0.15704631805419922
0.14081382751464844
0.2529568672180176
0.15704631805419922
0.14081382751464844
0.2529568672180176
0.15704631805419922
0.18778252601623535
0.41222333908081055
0.221588134765625
0.14081382751464844
0.2529568672180176
0.15704631805419922
0.18778252601623535
0.41222333908081055
0.221588134765625
0.14081382751464844
0.2529568672180176
0.15704631805419922
0.18778252601623535
0.41222333908081055
0.221588134765625
0.14081382751464844
0.2529568672180176
0.15704631805419922
0.18778252601623535
0.41222333908081055
0.221588134765625
0.14081382751464844
0.2529568672180176
0.15704631805419922
0.18778252601623535
0.41222333908081055
0.221588134765625
0.14081382751464844
0.2529568672180176
0.15704631805419922
0.18778252601623535
0.41222333908081055
0.221588134765625
0.18108248710632324
0.14081382751464844
0.2529568672180176
0.15704631805419922
0.18778252601623535
0.41222333908081055
0.221588134765625
0.18108248710632324
0.18902254104614258
0.14081382751464844
0.2529568672180176
0.15704631805419922
0.18778252601623535
0.41222333908081055
0.221588134765625
0.18108248710632324
0.18902254104614258
0.14081382751464844
0.2529568672180176
0.15704631805419922
0.18778252601623535
0.41222333908081055
0.221588134765625
0.18108248710632324
0.18902254104614258
0.14081382751464844
0.2529568672180176
0.15704631805419922
0.18778252601623535
0.41222333908081055
0.221588134765625
0.18108248710632324
0.18902254104614258
0.14081382751464844
0.2529568672180176
0.15704631805419922
0.18778252601623535
0.41222333908081055
0.221588134765625
0.18108248710632324
0.18902254104614258
0.15743565559387207
0.14081382751464844
0.2529568672180176
0.15704631805419922
0.18778252601623535
0.41222333908081055
0.221588134765625
0.18108248710632324
0.18902254104614258
0.15743565559387207
0.14081382751464844
0.2529568672180176
0.15704631805419922
0.18778252601623535
0.41222333908081055
0.221588134765625
0.18108248710632324
0.18902254104614258
0.15743565559387207
0.14081382751464844
0.2529568672180176
0.15704631805419922
0.18778252601623535
0.41222333908081055
0.221588134765625
0.18108248710632324
0.18902254104614258
0.15743565559387207
0.14081382751464844
0.2529568672180176
0.15704631805419922
0.18778252601623535
0.41222333908081055
0.221588134765625
0.18108248710632324
0.18902254104614258
0.15743565559387207
0.14081382751464844
0.2529568672180176
0.15704631805419922
0.18778252601623535
0.41222333908081055
0.221588134765625
0.18108248710632324
0.18902254104614258
0.15743565559387207
0.14081382751464844
0.2529568672180176
0.15704631805419922
0.18778252601623535
0.41222333908081055
0.221588134765625
0.18108248710632324
0.18902254104614258
0.15743565559387207
0.14081382751464844
0.2529568672180176
0.15704631805419922
0.18778252601623535
0.41222333908081055
0.221588134765625
0.18108248710632324
0.18902254104614258
0.15743565559387207
0.14081382751464844
0.2529568672180176
0.15704631805419922
0.18778252601623535
0.41222333908081055
0.221588134765625
0.18108248710632324
0.18902254104614258
0.15743565559387207
0.14081382751464844
0.2529568672180176
0.15704631805419922
0.18778252601623535
0.41222333908081055
0.221588134765625
0.18108248710632324
0.18902254104614258
0.15743565559387207
0.14081382751464844
0.2529568672180176
0.15704631805419922
0.18778252601623535
0.41222333908081055
0.221588134765625
0.18108248710632324
0.18902254104614258
0.15743565559387207
0.14081382751464844
0.2529568672180176
0.15704631805419922
0.18778252601623535
0.41222333908081055
0.221588134765625
0.18108248710632324
0.18902254104614258
0.15743565559387207