0.2590138912200928
0.2590138912200928
0.2590138912200928
0.2590138912200928
0.2590138912200928
0.2590138912200928
0.2590138912200928
0.2604637145996094
0.2590138912200928
0.2604637145996094
0.2590138912200928
0.2604637145996094
0.2590138912200928
0.2604637145996094
0.2590138912200928
0.2604637145996094
0.2590138912200928
0.2604637145996094
0.2590138912200928
0.2604637145996094
0.2590138912200928
0.2604637145996094
0.2590138912200928
0.2604637145996094
0.2590138912200928
0.2604637145996094
0.2590138912200928
0.2604637145996094
0.2590138912200928
0.2604637145996094