0.16255784034729004
0.21937823295593262
0.16255784034729004
0.21937823295593262
0.16255784034729004
0.21937823295593262
0.22666478157043457
0.16255784034729004
0.21937823295593262
0.22666478157043457
0.16255784034729004
0.21937823295593262
0.22666478157043457
0.16255784034729004
0.21937823295593262
0.22666478157043457
0.16255784034729004
0.21937823295593262
0.22666478157043457
0.16255784034729004
0.21937823295593262
0.22666478157043457
0.16255784034729004
0.21937823295593262
0.22666478157043457
0.16255784034729004
0.21937823295593262
0.22666478157043457
0.16255784034729004
0.21937823295593262
0.22666478157043457
0.16255784034729004
0.21937823295593262
0.22666478157043457
0.16255784034729004
0.21937823295593262
0.22666478157043457
0.16255784034729004
0.21937823295593262
0.22666478157043457
0.16255784034729004
0.21937823295593262
0.22666478157043457
0.16255784034729004
0.21937823295593262
0.22666478157043457
0.16255784034729004
0.21937823295593262
0.22666478157043457
0.16255784034729004
0.21937823295593262
0.22666478157043457
0.16255784034729004
0.21937823295593262
0.22666478157043457
0.16255784034729004
0.21937823295593262
0.22666478157043457
0.16255784034729004
0.21937823295593262
0.22666478157043457
0.16255784034729004
0.21937823295593262
0.22666478157043457
0.16255784034729004
0.21937823295593262
0.22666478157043457
0.16255784034729004
0.21937823295593262
0.22666478157043457
0.16255784034729004
0.21937823295593262
0.22666478157043457
0.16255784034729004
0.21937823295593262
0.22666478157043457
0.16255784034729004
0.21937823295593262
0.22666478157043457
0.16255784034729004
0.21937823295593262
0.22666478157043457
0.16255784034729004
0.21937823295593262
0.22666478157043457
0.16255784034729004
0.21937823295593262
0.22666478157043457
0.16255784034729004
0.21937823295593262
0.22666478157043457