0.24570918083190918
0.24570918083190918
0.22202754020690918
0.24570918083190918
0.22202754020690918
0.24570918083190918
0.22202754020690918
0.24570918083190918
0.22202754020690918
0.24570918083190918
0.22202754020690918
0.24570918083190918
0.22202754020690918
0.24570918083190918
0.22202754020690918
0.24570918083190918
0.22202754020690918
0.24570918083190918
0.22202754020690918
0.24570918083190918
0.22202754020690918
0.24570918083190918
0.22202754020690918
0.24570918083190918
0.22202754020690918
0.24570918083190918
0.22202754020690918
0.24570918083190918
0.22202754020690918
0.24570918083190918
0.22202754020690918
0.24570918083190918
0.22202754020690918
0.24570918083190918
0.22202754020690918
0.24570918083190918
0.22202754020690918
0.24570918083190918
0.22202754020690918
0.24570918083190918
0.22202754020690918
0.24570918083190918
0.22202754020690918
0.24570918083190918
0.22202754020690918
0.24570918083190918
0.22202754020690918
0.24570918083190918
0.22202754020690918
0.24570918083190918
0.22202754020690918
0.24570918083190918
0.22202754020690918
0.24570918083190918
0.22202754020690918
0.24570918083190918
0.22202754020690918
0.24570918083190918
0.22202754020690918