0.18840765953063965
0.18840765953063965
0.18840765953063965
0.18840765953063965
0.18840765953063965
0.18840765953063965
0.18840765953063965
0.18840765953063965
0.18840765953063965
0.18840765953063965
0.18840765953063965
0.18840765953063965
0.18840765953063965
0.18840765953063965
0.18840765953063965
0.18840765953063965
0.18840765953063965
0.18840765953063965
0.18840765953063965
0.18840765953063965
0.18840765953063965
0.18840765953063965
0.18840765953063965
0.18840765953063965
0.18840765953063965
0.18840765953063965
0.18840765953063965
0.18840765953063965
0.18840765953063965