0.1787877082824707
0.1787877082824707
0.1787877082824707
0.1787877082824707
0.1787877082824707
0.1787877082824707
0.1787877082824707
0.1787877082824707
0.1787877082824707
0.1787877082824707
0.1787877082824707
0.1787877082824707
0.1787877082824707
0.1787877082824707
0.1787877082824707
0.1787877082824707
0.1787877082824707
0.1787877082824707
0.1787877082824707
0.1787877082824707
0.1787877082824707
0.1787877082824707
0.1787877082824707
0.1787877082824707
0.1787877082824707
0.1787877082824707
0.1787877082824707
0.1787877082824707
0.1787877082824707
0.1787877082824707
0.1787877082824707