0.1883857250213623
0.1883857250213623
0.1883857250213623
0.1883857250213623
0.1883857250213623
0.1883857250213623
0.1883857250213623
0.1883857250213623
0.1883857250213623
0.1883857250213623
0.1883857250213623
0.1883857250213623
0.1883857250213623
0.1883857250213623
0.1883857250213623
0.1883857250213623
0.1883857250213623
0.1883857250213623
0.1883857250213623
0.1883857250213623
0.1883857250213623
0.1883857250213623
0.1883857250213623
0.1883857250213623
0.1883857250213623
0.1883857250213623
0.1883857250213623
0.1883857250213623
0.1883857250213623