0.9182953834533691
0.20518040657043457
0.9182953834533691
0.20518040657043457
0.9182953834533691
0.20518040657043457
0.9182953834533691
0.20518040657043457
0.9182953834533691
0.20518040657043457
0.9182953834533691
0.20518040657043457
0.9182953834533691
0.20518040657043457
0.9182953834533691
0.20518040657043457
0.9182953834533691
0.20518040657043457
0.9182953834533691
0.20518040657043457
0.9182953834533691
0.20518040657043457
0.9182953834533691
0.20518040657043457
0.9182953834533691
0.20518040657043457
0.9182953834533691
0.20518040657043457
0.9182953834533691
0.20518040657043457
0.9182953834533691
0.20518040657043457
0.9182953834533691
0.20518040657043457
0.9182953834533691
0.20518040657043457
0.9182953834533691
0.20518040657043457
0.9182953834533691
0.20518040657043457
0.9182953834533691
0.20518040657043457
0.9182953834533691
0.20518040657043457
0.9182953834533691
0.20518040657043457
0.9182953834533691
0.20518040657043457
0.9182953834533691
0.20518040657043457
0.9182953834533691
0.20518040657043457
0.9182953834533691
0.20518040657043457
0.9182953834533691
0.20518040657043457
0.9182953834533691
0.20518040657043457