0.197127103805542
0.197127103805542
0.197127103805542
0.197127103805542
0.197127103805542
0.197127103805542
0.197127103805542
0.197127103805542
0.197127103805542
0.197127103805542
0.197127103805542
0.197127103805542
0.197127103805542
0.197127103805542
0.197127103805542
0.197127103805542
0.197127103805542
0.197127103805542
0.197127103805542
0.197127103805542
0.197127103805542
0.197127103805542
0.197127103805542
0.197127103805542
0.197127103805542
0.197127103805542
0.197127103805542
0.197127103805542
0.197127103805542
0.197127103805542
0.197127103805542